Single Image Frame,x00,y00,z00,x01,y01,z01,x02,y02,z02,x03,y03,z03,x04,y04,z04,x05,y05,z05,x06,y06,z06,x07,y07,z07,x08,y08,z08,x09,y09,z09,x10,y10,z10,x11,y11,z11,x12,y12,z12,x13,y13,z13,x14,y14,z14,x15,y15,z15,x16,y16,z16,x17,y17,z17,x18,y18,z18,x19,y19,z19,x20,y20,z20,Label
F://Riad Sample//Sign 10//Input Images//Sign 10 - Sample (1).jpg,0.3862631320953369,0.6675260066986084,-6.705465057166293e-05,0.34272825717926025,0.5187129378318787,-0.018682653084397316,0.3586035966873169,0.3674909770488739,-0.03874543681740761,0.3615196943283081,0.2515810430049896,-0.07436231523752213,0.3495170772075653,0.17005696892738342,-0.11359842866659164,0.5345597863197327,0.3581470847129822,0.056471087038517,0.6383688449859619,0.26655733585357666,-0.026620468124747276,0.5876035690307617,0.26832735538482666,-0.09685587137937546,0.538109302520752,0.3065706491470337,-0.12111464887857437,0.5736291408538818,0.42307478189468384,0.03573793172836304,0.6815794706344604,0.3224341571331024,-0.04551813006401062,0.6028746366500854,0.3487226665019989,-0.1069750040769577,0.5544963479042053,0.3914538323879242,-0.11354584991931915,0.6006587743759155,0.49659228324890137,0.0020358769688755274,0.7049826383590698,0.40885189175605774,-0.06280070543289185,0.622758150100708,0.4341561496257782,-0.09750708937644958,0.5706114768981934,0.47794628143310547,-0.08732352405786514,0.6190202832221985,0.5829026699066162,-0.030601775273680687,0.6998263001441956,0.5072029829025269,-0.08306951075792313,0.6449293494224548,0.5125167369842529,-0.10129325091838837,0.5975633859634399,0.5466656684875488,-0.09128787368535995,10
F://Riad Sample//Sign 10//Input Images//Sign 10 - Sample (2).jpg,0.38798558712005615,0.6647297143936157,-5.5199823691509664e-05,0.3417367935180664,0.5164251327514648,-0.017707213759422302,0.3590109348297119,0.3662625253200531,-0.03577942028641701,0.36179083585739136,0.24929186701774597,-0.0695151835680008,0.3472873568534851,0.16465209424495697,-0.10635222494602203,0.5328670740127563,0.35388708114624023,0.05791664123535156,0.6350831985473633,0.2649470865726471,-0.020789898931980133,0.5849655866622925,0.26977813243865967,-0.08559559285640717,0.5366407036781311,0.3069489300251007,-0.10677973181009293,0.5722664594650269,0.41902729868888855,0.03791922703385353,0.6803799867630005,0.3204037547111511,-0.041881781071424484,0.6010312438011169,0.35021644830703735,-0.09976865351200104,0.5530977845191956,0.3912680745124817,-0.10373515635728836,0.5989618897438049,0.49330824613571167,0.004566187504678965,0.7040075063705444,0.40940773487091064,-0.05725036934018135,0.6196789145469666,0.43608716130256653,-0.08995448052883148,0.5677188038825989,0.47643423080444336,-0.0790758952498436,0.6167007088661194,0.5802956819534302,-0.027666885405778885,0.6977905035018921,0.5089160203933716,-0.07815874367952347,0.6411836743354797,0.513611376285553,-0.09556854516267776,0.5937767028808594,0.5430918335914612,-0.08540540188550949,10
F://Riad Sample//Sign 10//Input Images//Sign 10 - Sample (3).jpg,0.38418644666671753,0.667853593826294,-4.168463055975735e-05,0.3402501344680786,0.5153707265853882,-0.020230479538440704,0.3559368848800659,0.362219899892807,-0.03601197153329849,0.3596951365470886,0.24385808408260345,-0.06741075217723846,0.35313880443573,0.16290611028671265,-0.10199817270040512,0.5326389074325562,0.3510681092739105,0.06747365742921829,0.6362576484680176,0.26073092222213745,-0.011803805828094482,0.5883175134658813,0.26420825719833374,-0.08571265637874603,0.5390112996101379,0.3032851815223694,-0.11365325003862381,0.5712426900863647,0.4169023633003235,0.049522995948791504,0.6802630424499512,0.3192886710166931,-0.03186987712979317,0.6029902696609497,0.3464404344558716,-0.09784352034330368,0.5525749325752258,0.38883155584335327,-0.10643083602190018,0.5979832410812378,0.4906216561794281,0.018184006214141846,0.7015199065208435,0.40768760442733765,-0.04972195252776146,0.620833694934845,0.4327458143234253,-0.08898968994617462,0.5683887004852295,0.47475308179855347,-0.08069629222154617,0.6161695718765259,0.5758584141731262,-0.01152200996875763,0.6964054107666016,0.5064198970794678,-0.06552106887102127,0.6446080803871155,0.5106483101844788,-0.08577549457550049,0.5986388325691223,0.5424780249595642,-0.0758291631937027,10
F://Riad Sample//Sign 10//Input Images//Sign 10 - Sample (4).jpg,0.3819216787815094,0.6635057926177979,-4.95580279675778e-05,0.33794283866882324,0.5129537582397461,-0.021522605791687965,0.35455572605133057,0.3609767556190491,-0.03957326337695122,0.35929709672927856,0.24349628388881683,-0.0732036828994751,0.3522917628288269,0.16068501770496368,-0.10972129553556442,0.5306984782218933,0.34916961193084717,0.06159737706184387,0.6342108249664307,0.2592606544494629,-0.015313400886952877,0.5838938355445862,0.26159602403640747,-0.0836864486336708,0.5336892008781433,0.2972666621208191,-0.10796541720628738,0.5702447891235352,0.41438135504722595,0.042805928736925125,0.6808217167854309,0.3147168755531311,-0.03619486093521118,0.6015645861625671,0.3425295352935791,-0.0973244309425354,0.5504453778266907,0.38504019379615784,-0.10314786434173584,0.597507655620575,0.48791876435279846,0.010933410376310349,0.7028264999389648,0.4021940231323242,-0.05517519637942314,0.6207621097564697,0.4271004796028137,-0.08964743465185165,0.5678343176841736,0.4693756401538849,-0.07913517951965332,0.6161354780197144,0.5743074417114258,-0.0205569788813591,0.6995306015014648,0.5036911964416504,-0.0743260309100151,0.6457986235618591,0.5065881013870239,-0.0939815491437912,0.5976319909095764,0.5376101732254028,-0.08461114019155502,10
F://Riad Sample//Sign 10//Input Images//Sign 10 - Sample (5).jpg,0.38425248861312866,0.6618118286132812,-3.305053905933164e-05,0.3405817151069641,0.5164761543273926,-0.028385890647768974,0.35683655738830566,0.36431556940078735,-0.048392847180366516,0.36264896392822266,0.24517247080802917,-0.0801120474934578,0.35478103160858154,0.1587384045124054,-0.11509490013122559,0.5320402979850769,0.3508644700050354,0.04653868079185486,0.6386529803276062,0.2609901428222656,-0.031492941081523895,0.5920979976654053,0.2641465961933136,-0.1030135229229927,0.5408908128738403,0.30147913098335266,-0.1309266984462738,0.5720531344413757,0.41682305932044983,0.0332905538380146,0.6803221106529236,0.31802043318748474,-0.04461796209216118,0.6025131940841675,0.34581276774406433,-0.10832076519727707,0.548977792263031,0.3890841007232666,-0.11983514577150345,0.6000194549560547,0.489798367023468,0.007952304556965828,0.701813817024231,0.40647900104522705,-0.059507086873054504,0.6189013719558716,0.43481600284576416,-0.09926453232765198,0.5638946890830994,0.478200227022171,-0.09520787745714188,0.6196156740188599,0.5736358165740967,-0.015931956470012665,0.7010870575904846,0.5005843639373779,-0.07166271656751633,0.6466045379638672,0.507843017578125,-0.09056545794010162,0.5979881882667542,0.5407341122627258,-0.08138338476419449,10
F://Riad Sample//Sign 10//Input Images//Sign 10 - Sample (6).jpg,0.38281625509262085,0.6626342535018921,-7.293028465937823e-05,0.33782461285591125,0.5155628323554993,-0.022683950141072273,0.3546851873397827,0.3637436628341675,-0.04468981549143791,0.36107540130615234,0.24705006182193756,-0.08088506013154984,0.35359740257263184,0.16317619383335114,-0.12116774171590805,0.5309449434280396,0.3521411716938019,0.04497779160737991,0.6350842118263245,0.2614237666130066,-0.03498360142111778,0.5870650410652161,0.2627413272857666,-0.1034901961684227,0.5380760431289673,0.3000163733959198,-0.12879563868045807,0.5705370306968689,0.41743266582489014,0.026566950604319572,0.6800557374954224,0.31725525856018066,-0.0527581162750721,0.6026833057403564,0.3425956964492798,-0.11240913718938828,0.5517355799674988,0.3855530321598053,-0.12057160586118698,0.5972253680229187,0.4916256070137024,-0.0039489008486270905,0.7007480263710022,0.4072212278842926,-0.06926330924034119,0.6195424795150757,0.4323212504386902,-0.10459135472774506,0.5667061805725098,0.4743296802043915,-0.09675171226263046,0.6149026155471802,0.5778449773788452,-0.03340473398566246,0.6965129971504211,0.505911111831665,-0.08978718519210815,0.6422638893127441,0.5101174116134644,-0.1109461709856987,0.5938798785209656,0.5416198372840881,-0.10297922790050507,10
F://Riad Sample//Sign 10//Input Images//Sign 10 - Sample (7).jpg,0.382730633020401,0.6665235757827759,-5.8041030570166185e-05,0.3367699980735779,0.5160024166107178,-0.015830375254154205,0.3545733392238617,0.36329078674316406,-0.034117843955755234,0.35887420177459717,0.2467205971479416,-0.06953330338001251,0.34580129384994507,0.16174614429473877,-0.10879344493150711,0.5323712825775146,0.3536490797996521,0.06514452397823334,0.635100781917572,0.2631385922431946,-0.013084696605801582,0.5842456221580505,0.2634553611278534,-0.08076262474060059,0.5345557928085327,0.3004935383796692,-0.10520409047603607,0.57131028175354,0.4169718027114868,0.043688058853149414,0.6792177557945251,0.31591087579727173,-0.03279339149594307,0.5996831059455872,0.3434895873069763,-0.09380381554365158,0.5513771176338196,0.38784492015838623,-0.1013878881931305,0.5977445244789124,0.4896519184112549,0.009152530692517757,0.7008994817733765,0.4018669128417969,-0.051685161888599396,0.6171098351478577,0.42867371439933777,-0.0864720344543457,0.5657898187637329,0.4741894006729126,-0.07791202515363693,0.6161428093910217,0.5765323638916016,-0.024462580680847168,0.6960721015930176,0.49802660942077637,-0.07506144046783447,0.6396884322166443,0.5039652585983276,-0.093429796397686,0.5929125547409058,0.5406244397163391,-0.08496512472629547,10
F://Riad Sample//Sign 10//Input Images//Sign 10 - Sample (8).jpg,0.37821346521377563,0.6661475300788879,-7.380771421594545e-05,0.3350822329521179,0.5167675018310547,-0.02167995274066925,0.35322141647338867,0.36360442638397217,-0.044816333800554276,0.3572978973388672,0.24578653275966644,-0.08479303121566772,0.3479723334312439,0.16128966212272644,-0.1280176341533661,0.531280517578125,0.3520221710205078,0.05285452678799629,0.6359474062919617,0.26055780053138733,-0.03063593991100788,0.5830074548721313,0.2613399624824524,-0.10086497664451599,0.5324179530143738,0.2983911633491516,-0.12501302361488342,0.570019543170929,0.41592684388160706,0.031358055770397186,0.6785538196563721,0.3157379925251007,-0.05208897590637207,0.5963969230651855,0.34459632635116577,-0.11406975239515305,0.5477580428123474,0.38890427350997925,-0.12022283673286438,0.5961785912513733,0.4891551434993744,-0.0029749497771263123,0.6986660957336426,0.4017137885093689,-0.0696592777967453,0.6135531067848206,0.4287119507789612,-0.10210955142974854,0.5621607899665833,0.4734686613082886,-0.09090959280729294,0.6138367056846619,0.5762667059898376,-0.03694246709346771,0.6950520873069763,0.4973902702331543,-0.0895826667547226,0.6384608745574951,0.5019177198410034,-0.10561230033636093,0.5913175940513611,0.5373777151107788,-0.09425774216651917,10
F://Riad Sample//Sign 10//Input Images//Sign 10 - Sample (9).jpg,0.38078105449676514,0.6608824133872986,-6.943380140000954e-05,0.3344879150390625,0.5109237432479858,-0.021095627918839455,0.3517630696296692,0.3591674566268921,-0.042702652513980865,0.3555018901824951,0.2414369285106659,-0.07893388718366623,0.3422383666038513,0.15574322640895844,-0.11953160166740417,0.527897298336029,0.34835192561149597,0.042031340301036835,0.6362844109535217,0.2573000192642212,-0.03711220249533653,0.582514226436615,0.2595105469226837,-0.09866552799940109,0.5314263701438904,0.29457706212997437,-0.11664583534002304,0.5669437646865845,0.4152054488658905,0.02294214628636837,0.6786882877349854,0.3167409300804138,-0.05693213641643524,0.5969317555427551,0.34523025155067444,-0.11211073398590088,0.5480803847312927,0.3872673809528351,-0.11490914225578308,0.5935868620872498,0.49002188444137573,-0.008576289750635624,0.6987793445587158,0.4038439989089966,-0.06993808597326279,0.6137280464172363,0.42895370721817017,-0.1001976728439331,0.561048686504364,0.4711030125617981,-0.08862587809562683,0.6114470958709717,0.5777758359909058,-0.04011799395084381,0.6932628154754639,0.5012080669403076,-0.09029290080070496,0.6364777088165283,0.5049327611923218,-0.10675138980150223,0.5883901715278625,0.5370348691940308,-0.09743000566959381,10
F://Riad Sample//Sign 10//Input Images//Sign 10 - Sample (10).jpg,0.3777977228164673,0.6578693389892578,-6.03626758675091e-05,0.3321363031864166,0.5082973837852478,-0.01653462089598179,0.35210224986076355,0.3597812056541443,-0.034013647586107254,0.3579176068305969,0.24581164121627808,-0.06683726608753204,0.3429809808731079,0.16400806605815887,-0.10329394787549973,0.5264023542404175,0.3514006435871124,0.05770961567759514,0.6310156583786011,0.2628115713596344,-0.018782317638397217,0.5810223817825317,0.26159802079200745,-0.08336938917636871,0.5327211022377014,0.2955557703971863,-0.10508743673563004,0.5655161142349243,0.4164386987686157,0.03681035712361336,0.6758585572242737,0.3162849247455597,-0.038546040654182434,0.5968674421310425,0.34178340435028076,-0.09556795656681061,0.5498812794685364,0.38370323181152344,-0.10130251199007034,0.5917949080467224,0.49041762948036194,0.002829930977895856,0.6976101398468018,0.40426504611968994,-0.05700165033340454,0.6138839721679688,0.42827194929122925,-0.08911418914794922,0.5635749101638794,0.47079941630363464,-0.07930702716112137,0.6095420122146606,0.5779989957809448,-0.03018961474299431,0.6929562091827393,0.5007648468017578,-0.08104552328586578,0.636089563369751,0.5043079853057861,-0.09792900085449219,0.5890020132064819,0.537932276725769,-0.08883196115493774,10
F://Riad Sample//Sign 10//Input Images//Sign 10 - Sample (11).jpg,0.3956358730792999,0.7180649042129517,-2.560957682362641e-06,0.3435099720954895,0.5582056045532227,-0.026770010590553284,0.36030125617980957,0.40381115674972534,-0.051235973834991455,0.36336958408355713,0.2852354645729065,-0.0910714790225029,0.3464643359184265,0.18790824711322784,-0.1374686062335968,0.5356485843658447,0.3863615095615387,0.06687793135643005,0.6372227668762207,0.28577232360839844,-0.028461730107665062,0.5891093015670776,0.27905064821243286,-0.11713679134845734,0.5404842495918274,0.3136245310306549,-0.15116167068481445,0.5804799199104309,0.45190492272377014,0.04773062467575073,0.687817394733429,0.33722731471061707,-0.03632504865527153,0.6108493804931641,0.3618336021900177,-0.11059169471263885,0.5651800036430359,0.4061073064804077,-0.1261264681816101,0.6119623780250549,0.5282590985298157,0.01193943154066801,0.7206400632858276,0.4303070902824402,-0.054774995893239975,0.6381931900978088,0.4549802243709564,-0.10091068595647812,0.5857839584350586,0.5032451152801514,-0.09592072665691376,0.6372685432434082,0.6226068735122681,-0.024692445993423462,0.7208715677261353,0.539554238319397,-0.07451004534959793,0.6668903231620789,0.5426961183547974,-0.09937766194343567,0.6186518669128418,0.5810662508010864,-0.09439615905284882,10
F://Riad Sample//Sign 10//Input Images//Sign 10 - Sample (12).jpg,0.39726579189300537,0.7214270234107971,-1.9357039491296746e-05,0.3427358865737915,0.5604997873306274,-0.027835164219141006,0.3587457239627838,0.40761250257492065,-0.05397641658782959,0.362591028213501,0.2875569462776184,-0.09496796131134033,0.34741562604904175,0.19109752774238586,-0.14194665849208832,0.5387547612190247,0.38803547620773315,0.05785403028130531,0.6462246179580688,0.28652510046958923,-0.041717175394296646,0.595560610294342,0.2797853350639343,-0.12643291056156158,0.5447779893875122,0.31472811102867126,-0.15558256208896637,0.5813759565353394,0.4537632167339325,0.03853742405772209,0.6919010877609253,0.33983203768730164,-0.054784443229436874,0.6108903884887695,0.3655540943145752,-0.12828506529331207,0.5642472505569458,0.41069498658180237,-0.13925106823444366,0.6116235256195068,0.5306025147438049,0.002381410449743271,0.7211090326309204,0.4330209195613861,-0.06827256083488464,0.6348762512207031,0.45811009407043457,-0.1136261448264122,0.5814222693443298,0.5069653987884521,-0.1058356836438179,0.6355410814285278,0.6246912479400635,-0.033683355897665024,0.7194847464561462,0.5401913523674011,-0.0882754921913147,0.6613694429397583,0.543273389339447,-0.11369428038597107,0.6107964515686035,0.5813832879066467,-0.10717655718326569,10
F://Riad Sample//Sign 10//Input Images//Sign 10 - Sample (13).jpg,0.39612627029418945,0.7200716733932495,-2.0659019355662167e-05,0.3437860608100891,0.5601214170455933,-0.04080536589026451,0.3594200015068054,0.40743541717529297,-0.07495150715112686,0.3634500801563263,0.28565874695777893,-0.12162235379219055,0.34752678871154785,0.18876853585243225,-0.17545761168003082,0.537318229675293,0.3870945870876312,0.033263612538576126,0.6484434604644775,0.28687965869903564,-0.06828826665878296,0.5947966575622559,0.28396689891815186,-0.1499737650156021,0.5421218276023865,0.3182644248008728,-0.17479732632637024,0.5801095962524414,0.45815157890319824,0.019774608314037323,0.6934752464294434,0.34917980432510376,-0.07805892080068588,0.6132890582084656,0.37391549348831177,-0.1502574235200882,0.5653552412986755,0.4154454469680786,-0.15915547311306,0.6098376512527466,0.5365403294563293,-0.010857796296477318,0.7228466868400574,0.44373318552970886,-0.0825391337275505,0.6412835121154785,0.4648295044898987,-0.12641452252864838,0.5858001112937927,0.5090969800949097,-0.11815521866083145,0.6331176161766052,0.6308890581130981,-0.043302539736032486,0.7206788063049316,0.5537848472595215,-0.09734290838241577,0.6686274409294128,0.5523700714111328,-0.12430617958307266,0.6175185441970825,0.5841578245162964,-0.11923383921384811,10
F://Riad Sample//Sign 10//Input Images//Sign 10 - Sample (14).jpg,0.39751166105270386,0.7167453765869141,-1.536550553282723e-05,0.3452220559120178,0.5614702701568604,-0.04120568931102753,0.36127105355262756,0.40958136320114136,-0.07521168142557144,0.36565154790878296,0.288748562335968,-0.1221817210316658,0.3524743914604187,0.18878310918807983,-0.17650386691093445,0.5379681587219238,0.3888946771621704,0.050184886902570724,0.6463202238082886,0.2896502614021301,-0.05064205452799797,0.597743034362793,0.2848089933395386,-0.13860295712947845,0.5469646453857422,0.3185287117958069,-0.1682426929473877,0.5814799666404724,0.4565405547618866,0.037281688302755356,0.6893698573112488,0.3453037142753601,-0.053297996520996094,0.6131094694137573,0.37056636810302734,-0.12752088904380798,0.5672637820243835,0.41332101821899414,-0.14054113626480103,0.6120456457138062,0.5339999794960022,0.006831623613834381,0.7204030752182007,0.43800899386405945,-0.06393998116254807,0.6403525471687317,0.46120601892471313,-0.11220508068799973,0.586151659488678,0.507440984249115,-0.10788874328136444,0.6365839838981628,0.628728985786438,-0.025991367176175117,0.7204797863960266,0.5489109754562378,-0.08043413609266281,0.6686877012252808,0.5512303113937378,-0.1075916662812233,0.6181147694587708,0.5870788097381592,-0.10262685269117355,10
F://Riad Sample//Sign 10//Input Images//Sign 10 - Sample (15).jpg,0.3990936875343323,0.7226245403289795,-1.964677358046174e-05,0.3461320996284485,0.5611737370491028,-0.032550591975450516,0.36156368255615234,0.40680837631225586,-0.06122347339987755,0.3653891682624817,0.2859545350074768,-0.10424157977104187,0.3499884009361267,0.18614259362220764,-0.1555425524711609,0.5388357639312744,0.38775908946990967,0.053750451654195786,0.6462341547012329,0.2871829867362976,-0.04354383423924446,0.5963231325149536,0.2820742130279541,-0.1288604736328125,0.545589804649353,0.316841721534729,-0.15843364596366882,0.5819904804229736,0.45538991689682007,0.037306006997823715,0.6923290491104126,0.34318360686302185,-0.05109468102455139,0.6138648986816406,0.367721825838089,-0.1246243268251419,0.5662035346031189,0.41218411922454834,-0.13808293640613556,0.6120679378509521,0.5324932932853699,0.0043620276264846325,0.7223417162895203,0.4355242848396301,-0.06269705295562744,0.6394799947738647,0.4588865041732788,-0.10941289365291595,0.5842304229736328,0.5069155097007751,-0.10514630377292633,0.6362193822860718,0.6272373795509338,-0.029855798929929733,0.72068190574646,0.5470845103263855,-0.08099579066038132,0.6663836240768433,0.5480532050132751,-0.1082213968038559,0.6151686906814575,0.5843786001205444,-0.1047421395778656,10
F://Riad Sample//Sign 10//Input Images//Sign 10 - Sample (16).jpg,0.40007635951042175,0.7161329984664917,-3.598243711167015e-05,0.3465432822704315,0.5596266388893127,-0.028109000995755196,0.3628394603729248,0.40755346417427063,-0.05463540181517601,0.36728614568710327,0.2861677408218384,-0.0961243212223053,0.3514068126678467,0.18869549036026,-0.14193229377269745,0.537696897983551,0.3875581622123718,0.06210578605532646,0.6449117064476013,0.29028335213661194,-0.03306664526462555,0.596681535243988,0.2875317335128784,-0.11375562846660614,0.548120379447937,0.32182440161705017,-0.1395123451948166,0.5811649560928345,0.4521470069885254,0.04417100176215172,0.6909766793251038,0.34259191155433655,-0.045342426747083664,0.6118637323379517,0.37193289399147034,-0.1166376918554306,0.5667976140975952,0.41507068276405334,-0.12559515237808228,0.612145721912384,0.5274203419685364,0.009986268356442451,0.7199699878692627,0.43398046493530273,-0.05842150002717972,0.6342138051986694,0.46364331245422363,-0.10393213480710983,0.5820072293281555,0.5104032754898071,-0.0964999794960022,0.6376106142997742,0.6198968887329102,-0.024656621739268303,0.7204223871231079,0.5383895635604858,-0.07868196070194244,0.6617021560668945,0.5450512766838074,-0.10266140103340149,0.6120201945304871,0.5823423862457275,-0.09454383701086044,10
F://Riad Sample//Sign 10//Input Images//Sign 10 - Sample (17).jpg,0.4022502303123474,0.7103567123413086,-2.5957258458220167e-06,0.34700292348861694,0.5505079627037048,-0.03614799305796623,0.36073315143585205,0.3980793356895447,-0.06836103647947311,0.3631201982498169,0.27751070261001587,-0.11487181484699249,0.3469691276550293,0.17933088541030884,-0.16749641299247742,0.5374090075492859,0.3773777186870575,0.05044904351234436,0.6458598971366882,0.27761974930763245,-0.049077339470386505,0.593614935874939,0.2742162346839905,-0.13264282047748566,0.542468249797821,0.30836087465286255,-0.15965071320533752,0.581108808517456,0.44586482644081116,0.03465456888079643,0.6911799907684326,0.3362279534339905,-0.06009618192911148,0.6111032366752625,0.36094456911087036,-0.13310469686985016,0.5648615956306458,0.4011339843273163,-0.1423628181219101,0.6116551160812378,0.5225040316581726,0.002122613601386547,0.7239348888397217,0.42922914028167725,-0.06753183156251907,0.6402056217193604,0.4508606791496277,-0.11266710609197617,0.5850592255592346,0.4942712187767029,-0.10512133687734604,0.6368005275726318,0.6152384877204895,-0.03244568407535553,0.7217469811439514,0.5375165939331055,-0.08589934557676315,0.6664631962776184,0.5392193794250488,-0.11269591003656387,0.6153987646102905,0.572627604007721,-0.10779701918363571,10
F://Riad Sample//Sign 10//Input Images//Sign 10 - Sample (18).jpg,0.39731162786483765,0.7039526700973511,6.235843557078624e-06,0.3432900905609131,0.5492349863052368,-0.04387303814291954,0.3598668575286865,0.39768555760383606,-0.08151727169752121,0.3639463782310486,0.2761710286140442,-0.1325591504573822,0.349939227104187,0.17274552583694458,-0.190469890832901,0.5361565351486206,0.37615785002708435,0.049558453261852264,0.644301176071167,0.2772219479084015,-0.055232249200344086,0.5945447087287903,0.2709232270717621,-0.14297114312648773,0.5430667400360107,0.30222785472869873,-0.17137455940246582,0.5808752179145813,0.44335049390792847,0.037022173404693604,0.688813328742981,0.3348853588104248,-0.05638018250465393,0.6105012893676758,0.36090242862701416,-0.12808790802955627,0.5664862394332886,0.399674654006958,-0.13630245625972748,0.611369252204895,0.5205766558647156,0.006775899790227413,0.7204136848449707,0.42902857065200806,-0.06578723341226578,0.6383334994316101,0.45436331629753113,-0.1106046736240387,0.5876073837280273,0.4979249835014343,-0.10197526216506958,0.6350077390670776,0.6138315200805664,-0.02625705860555172,0.7188462615013123,0.5356020927429199,-0.08102045208215714,0.6656003594398499,0.5406602621078491,-0.10494984686374664,0.6182464361190796,0.5757131576538086,-0.0963839516043663,10
F://Riad Sample//Sign 10//Input Images//Sign 10 - Sample (19).jpg,0.3944856524467468,0.6917855739593506,-5.084616714157164e-05,0.33975255489349365,0.5358418226242065,-0.024075785651803017,0.3561742603778839,0.3854003846645355,-0.04806157201528549,0.3612649738788605,0.26533544063568115,-0.08814410120248795,0.34734177589416504,0.16634760797023773,-0.1354590505361557,0.536856472492218,0.36779046058654785,0.06639759987592697,0.6399568319320679,0.27069610357284546,-0.023409061133861542,0.5936651229858398,0.2617999315261841,-0.10651379823684692,0.5454385280609131,0.2945197820663452,-0.13933208584785461,0.5806217789649963,0.4318249225616455,0.047435931861400604,0.6888608336448669,0.3219262957572937,-0.037173882126808167,0.6097502708435059,0.3478057086467743,-0.10960148274898529,0.5621106624603271,0.3940066993236542,-0.12308696657419205,0.6120267510414124,0.5077280402183533,0.012641430832445621,0.7207199335098267,0.41234132647514343,-0.05440671369433403,0.6368621587753296,0.4365238547325134,-0.10070358961820602,0.583340048789978,0.4839874505996704,-0.09543203562498093,0.6360963582992554,0.6006036996841431,-0.021489525213837624,0.7200400829315186,0.5181745290756226,-0.07733771950006485,0.6631114482879639,0.5196055769920349,-0.10471196472644806,0.6116753220558167,0.554961621761322,-0.09940378367900848,10
F://Riad Sample//Sign 10//Input Images//Sign 10 - Sample (20).jpg,0.3934408128261566,0.6861530542373657,-6.170890992507339e-05,0.33942264318466187,0.5314785838127136,-0.02677004598081112,0.35703444480895996,0.3776296377182007,-0.0531313382089138,0.3610938489437103,0.2584031820297241,-0.09447842091321945,0.34475451707839966,0.16144809126853943,-0.14378078281879425,0.5360059142112732,0.35761475563049316,0.05051087960600853,0.6424888372421265,0.2596377730369568,-0.043728306889534,0.593451201915741,0.24859556555747986,-0.1266050487756729,0.543046772480011,0.2794654667377472,-0.15834645926952362,0.5796475410461426,0.4229779541492462,0.03154892846941948,0.6897363662719727,0.3106039762496948,-0.05401627719402313,0.6084364056587219,0.3331918716430664,-0.12384981662034988,0.5610991716384888,0.3772892951965332,-0.1367611140012741,0.609901487827301,0.49954864382743835,-0.003389157122001052,0.7191783785820007,0.40099382400512695,-0.07031949609518051,0.6329795122146606,0.4247770309448242,-0.11107367277145386,0.5799861550331116,0.4734591543674469,-0.10286860167980194,0.632902979850769,0.5938866138458252,-0.038252707570791245,0.7169249653816223,0.5075722336769104,-0.0937596783041954,0.6575388312339783,0.5109041333198547,-0.11730699241161346,0.6072230339050293,0.5500693917274475,-0.11164771765470505,10
F://Riad Sample//Sign 10//Input Images//Sign 10 - Sample (21).jpg,0.39447659254074097,0.6814048290252686,-4.735156471724622e-05,0.34078770875930786,0.5266085863113403,-0.033712081611156464,0.35520312190055847,0.3734554052352905,-0.06164053827524185,0.3595820665359497,0.2517196536064148,-0.10391735285520554,0.3468259572982788,0.15469461679458618,-0.15177321434020996,0.5341423153877258,0.35288113355636597,0.05089621990919113,0.6399985551834106,0.256147563457489,-0.0449666902422905,0.592882513999939,0.2538502812385559,-0.12599265575408936,0.5448065996170044,0.28999292850494385,-0.15480153262615204,0.5786355137825012,0.4181089401245117,0.03656679391860962,0.6884472370147705,0.3118206560611725,-0.055818285793066025,0.6073019504547119,0.3422550559043884,-0.12500734627246857,0.5594506859779358,0.38529521226882935,-0.132816344499588,0.6097593903541565,0.4938574433326721,0.005923322401940823,0.7196334004402161,0.40308433771133423,-0.0670887902379036,0.6337985396385193,0.43172091245651245,-0.11034350842237473,0.5804992318153381,0.47669708728790283,-0.10049446672201157,0.6321730613708496,0.5842316150665283,-0.024164661765098572,0.7158794403076172,0.5059921741485596,-0.08368141949176788,0.6583393812179565,0.5107613205909729,-0.10820020735263824,0.6083894371986389,0.5440337061882019,-0.09925038367509842,10
F://Riad Sample//Sign 10//Input Images//Sign 10 - Sample (22).jpg,0.39063122868537903,0.6746523380279541,-4.021375207230449e-05,0.33924078941345215,0.5247429013252258,-0.036361776292324066,0.3567945957183838,0.3720117509365082,-0.06390263885259628,0.3617209196090698,0.25095927715301514,-0.10653695464134216,0.3505324125289917,0.15129198133945465,-0.15415361523628235,0.5385803580284119,0.35235273838043213,0.04825815558433533,0.6443568468093872,0.25644707679748535,-0.051354940980672836,0.5946564674377441,0.25073540210723877,-0.13397864997386932,0.5450982451438904,0.2866600751876831,-0.16205626726150513,0.5803858041763306,0.4189388155937195,0.03410080447793007,0.6912016868591309,0.3137662410736084,-0.06126426160335541,0.6073793768882751,0.33935362100601196,-0.12907753884792328,0.5592803955078125,0.38024193048477173,-0.13614195585250854,0.6100064516067505,0.49558794498443604,0.0035588149912655354,0.7195305824279785,0.4056113064289093,-0.07567208260297775,0.6305287480354309,0.4292556643486023,-0.11762364953756332,0.5782545208930969,0.4714480936527252,-0.1066560223698616,0.6305965185165405,0.585062563419342,-0.02734321914613247,0.7138919234275818,0.5091641545295715,-0.08968078345060349,0.6541585922241211,0.5118205547332764,-0.11177442967891693,0.6052547693252563,0.5429940223693848,-0.09982220083475113,10
F://Riad Sample//Sign 10//Input Images//Sign 10 - Sample (23).jpg,0.4574875235557556,0.691970944404602,-2.2908614482730627e-05,0.38766777515411377,0.5538089871406555,-0.06850695610046387,0.3722808361053467,0.4028937816619873,-0.10812824219465256,0.3573371171951294,0.2794691324234009,-0.15489204227924347,0.33160296082496643,0.18751391768455505,-0.20453380048274994,0.5438833236694336,0.3254818320274353,0.006553821265697479,0.6357231140136719,0.2211207002401352,-0.061582211405038834,0.6161094903945923,0.25991636514663696,-0.12737610936164856,0.5798323750495911,0.3182687759399414,-0.15742997825145721,0.5989708304405212,0.38146069645881653,0.013664806261658669,0.6943926811218262,0.2783006429672241,-0.06132010370492935,0.6477764248847961,0.3531385362148285,-0.12347084283828735,0.6026042699813843,0.4134385287761688,-0.13184422254562378,0.6378090977668762,0.44286859035491943,0.005738557316362858,0.7300231456756592,0.35267263650894165,-0.05478781834244728,0.6786416172981262,0.4187362790107727,-0.1046338751912117,0.6286630630493164,0.4759930968284607,-0.1073550209403038,0.6667695045471191,0.5175552368164062,-0.005542725790292025,0.738429069519043,0.44313865900039673,-0.05744124948978424,0.7073049545288086,0.47657206654548645,-0.09530598670244217,0.6673615574836731,0.5183526277542114,-0.0999145433306694,10
F://Riad Sample//Sign 10//Input Images//Sign 10 - Sample (24).jpg,0.45852747559547424,0.6782653331756592,-5.151253935764544e-05,0.3862767219543457,0.5404883027076721,-0.05600033700466156,0.3716889023780823,0.3927750587463379,-0.08762426674365997,0.35589516162872314,0.27047306299209595,-0.1257828325033188,0.3252125084400177,0.182304248213768,-0.16495661437511444,0.5428594350814819,0.31894543766975403,0.01700202003121376,0.6354027986526489,0.21283157169818878,-0.03667394071817398,0.6174260377883911,0.24414724111557007,-0.09565586596727371,0.5829484462738037,0.29749926924705505,-0.12379854917526245,0.5986306071281433,0.3721293807029724,0.022714335471391678,0.697036623954773,0.2628093957901001,-0.0389692597091198,0.6482234001159668,0.33502277731895447,-0.09178827702999115,0.6014946699142456,0.39785510301589966,-0.09629017114639282,0.6368668079376221,0.4329046607017517,0.015275941230356693,0.7307927012443542,0.34297648072242737,-0.03302565962076187,0.6738083958625793,0.4113539755344391,-0.07727634906768799,0.6249154806137085,0.4687492847442627,-0.07868843525648117,0.6646379232406616,0.5071197748184204,0.005301428493112326,0.7377375960350037,0.4320127069950104,-0.03718084096908569,0.7006573677062988,0.46722614765167236,-0.06798308342695236,0.6607695817947388,0.5092260241508484,-0.06981781870126724,10
F://Riad Sample//Sign 10//Input Images//Sign 10 - Sample (25).jpg,0.45927947759628296,0.6803621053695679,-2.2561713194590993e-05,0.38933664560317993,0.5407065153121948,-0.060150064527988434,0.3735928535461426,0.3905910551548004,-0.09338613599538803,0.35526466369628906,0.2672136425971985,-0.13276997208595276,0.32387232780456543,0.1801079362630844,-0.1726560890674591,0.5431205630302429,0.31625646352767944,0.012155638076364994,0.6366403102874756,0.2090868055820465,-0.04404783248901367,0.6208261847496033,0.24162998795509338,-0.1034422442317009,0.5852559208869934,0.2964613735675812,-0.13221831619739532,0.5991108417510986,0.37155503034591675,0.01907253824174404,0.697746217250824,0.2637237012386322,-0.04466179385781288,0.6506975889205933,0.3379497826099396,-0.09785737097263336,0.6029029488563538,0.400314062833786,-0.10169222950935364,0.6374297142028809,0.433156818151474,0.011881978251039982,0.7326173782348633,0.34192702174186707,-0.038872815668582916,0.6775969862937927,0.4115467965602875,-0.08358293771743774,0.626774787902832,0.47054606676101685,-0.08562915027141571,0.6644906997680664,0.5075706243515015,0.0021992966067045927,0.738359808921814,0.4342924654483795,-0.04353632405400276,0.7028880715370178,0.4709058403968811,-0.07763469964265823,0.6626068949699402,0.5133680105209351,-0.08242069184780121,10
F://Riad Sample//Sign 10//Input Images//Sign 10 - Sample (26).jpg,0.45785871148109436,0.6807259321212769,-2.186567144235596e-05,0.3868863880634308,0.543793797492981,-0.0727468952536583,0.3708198070526123,0.3926736116409302,-0.11308112740516663,0.35455191135406494,0.26817426085472107,-0.15997539460659027,0.3283578157424927,0.17503224313259125,-0.209034264087677,0.5422059297561646,0.31208229064941406,0.005228640977293253,0.6330753564834595,0.2085082232952118,-0.06442265212535858,0.6159926056861877,0.24796214699745178,-0.13232332468032837,0.5805256962776184,0.30745169520378113,-0.16403774917125702,0.5979254245758057,0.36761415004730225,0.015311083756387234,0.6930822134017944,0.26431405544281006,-0.061111535876989365,0.6479863524436951,0.3421837389469147,-0.12353777140378952,0.6031135320663452,0.40400198101997375,-0.1319233477115631,0.6368799805641174,0.4293068051338196,0.009793294593691826,0.7291548252105713,0.3411122262477875,-0.05130878835916519,0.6779918074607849,0.41003844141960144,-0.10197899490594864,0.6282922029495239,0.4679838716983795,-0.10468804836273193,0.6653714179992676,0.5043736696243286,0.0006355545483529568,0.7362461090087891,0.43241363763809204,-0.052029624581336975,0.7048994898796082,0.4672999680042267,-0.09052083641290665,0.6655925512313843,0.509430468082428,-0.0947575643658638,10
F://Riad Sample//Sign 10//Input Images//Sign 10 - Sample (27).jpg,0.4559936225414276,0.6803505420684814,-1.832302223192528e-05,0.38595640659332275,0.5396391749382019,-0.05499625951051712,0.371107816696167,0.3879763185977936,-0.08793415129184723,0.35444092750549316,0.26518964767456055,-0.12908653914928436,0.32682502269744873,0.1790219098329544,-0.1722341626882553,0.5413690209388733,0.3157106637954712,0.018483109772205353,0.632411539554596,0.20988784730434418,-0.04138863831758499,0.612190306186676,0.24392467737197876,-0.10069455951452255,0.5756099820137024,0.2997545599937439,-0.12677119672298431,0.596407413482666,0.368863046169281,0.020943565294146538,0.6940334439277649,0.26464125514030457,-0.04442787542939186,0.6466109752655029,0.33636921644210815,-0.10019274801015854,0.6007998585700989,0.39669179916381836,-0.10629047453403473,0.6346752643585205,0.4299967586994171,0.009032698348164558,0.7302603721618652,0.33798712491989136,-0.042796213179826736,0.6766741871833801,0.40345603227615356,-0.08584249019622803,0.6261644959449768,0.461262583732605,-0.08634772896766663,0.6621549725532532,0.5054683685302734,-0.004670738708227873,0.735701858997345,0.4308595657348633,-0.05140681564807892,0.7019791603088379,0.46483010053634644,-0.08568891137838364,0.6615989208221436,0.5070876479148865,-0.08986953645944595,10
F://Riad Sample//Sign 10//Input Images//Sign 10 - Sample (28).jpg,0.4528633654117584,0.6797960996627808,-2.8876023861812428e-05,0.38303321599960327,0.5395220518112183,-0.06319988518953323,0.36784857511520386,0.3879237174987793,-0.10280034691095352,0.3513428568840027,0.263003408908844,-0.14940497279167175,0.3240613639354706,0.17168468236923218,-0.19707031548023224,0.5391901731491089,0.31234902143478394,0.00463276170194149,0.6305123567581177,0.20727722346782684,-0.05947194993495941,0.6093685030937195,0.2419912964105606,-0.12000487744808197,0.5721387267112732,0.29671305418014526,-0.1465885043144226,0.5946897268295288,0.3673061430454254,0.009313094429671764,0.6921186447143555,0.26326191425323486,-0.06128498911857605,0.6444433331489563,0.33468005061149597,-0.11674728244543076,0.5988956689834595,0.39337462186813354,-0.12169801443815231,0.633063554763794,0.43058809638023376,-0.0012595477746799588,0.7279447317123413,0.33682191371917725,-0.05764535441994667,0.6753784418106079,0.400058388710022,-0.10006354749202728,0.6260151863098145,0.45645564794540405,-0.09850558638572693,0.6605614423751831,0.5088437795639038,-0.014484625309705734,0.7335158586502075,0.43525010347366333,-0.06521350890398026,0.7001460790634155,0.46694231033325195,-0.1015191525220871,0.6596078276634216,0.5077701807022095,-0.10703897476196289,10
F://Riad Sample//Sign 10//Input Images//Sign 10 - Sample (29).jpg,0.4513561725616455,0.6786589622497559,-2.4271188522106968e-05,0.38084477186203003,0.543499231338501,-0.05530431866645813,0.3686714172363281,0.3904993236064911,-0.08873213082551956,0.35498565435409546,0.2654814124107361,-0.13140705227851868,0.32743993401527405,0.17052198946475983,-0.17721770703792572,0.5357314348220825,0.3137561082839966,0.02573816478252411,0.6239456534385681,0.2080264687538147,-0.04024915769696236,0.6097857356071472,0.23849597573280334,-0.10646792501211166,0.5761926770210266,0.29329565167427063,-0.1387774795293808,0.5926507115364075,0.3691481947898865,0.028815703466534615,0.6892899870872498,0.2680795192718506,-0.03994615003466606,0.6453111171722412,0.3405572772026062,-0.09809748083353043,0.6004436612129211,0.39918187260627747,-0.10501772910356522,0.6316128969192505,0.43236541748046875,0.0160825215280056,0.7265442609786987,0.3422863781452179,-0.03959956765174866,0.6748734712600708,0.408194899559021,-0.08564437925815582,0.6241545081138611,0.46642759442329407,-0.08570191264152527,0.6586422324180603,0.5102635622024536,0.0012307828292250633,0.7301413416862488,0.43809178471565247,-0.05177175998687744,0.696125328540802,0.47143101692199707,-0.09129054099321365,0.6538114547729492,0.5134056806564331,-0.09701816737651825,10
F://Riad Sample//Sign 10//Input Images//Sign 10 - Sample (30).jpg,0.449917197227478,0.6763200759887695,-1.4398541679838672e-05,0.37867990136146545,0.538855791091919,-0.06922806799411774,0.36285942792892456,0.3863019049167633,-0.10655946284532547,0.3477804362773895,0.2609233260154724,-0.15029458701610565,0.32291361689567566,0.16928721964359283,-0.196308895945549,0.5345594882965088,0.3071429431438446,0.01259575504809618,0.6244717836380005,0.20282550156116486,-0.05177752301096916,0.6113635897636414,0.23798681795597076,-0.11974138021469116,0.5771595239639282,0.29727640748023987,-0.15372763574123383,0.591027557849884,0.36240139603614807,0.022604836151003838,0.685850203037262,0.25948846340179443,-0.04862017184495926,0.6434909105300903,0.3375694751739502,-0.11180505156517029,0.5979872941970825,0.402654230594635,-0.12271805107593536,0.6305115222930908,0.4238792955875397,0.017534924671053886,0.7220604419708252,0.3367915749549866,-0.039727263152599335,0.6729886531829834,0.40739357471466064,-0.0908677875995636,0.6231399774551392,0.4674461781978607,-0.09584908187389374,0.6590902209281921,0.4986835718154907,0.0090164290741086,0.7304980754852295,0.4276607930660248,-0.04034242406487465,0.7003284692764282,0.46378183364868164,-0.07767298072576523,0.66118323802948,0.5066768527030945,-0.08247306197881699,10
F://Riad Sample//Sign 10//Input Images//Sign 10 - Sample (31).jpg,0.4472220540046692,0.6788091063499451,-1.9290966520202346e-05,0.3765145540237427,0.5426443815231323,-0.06043502315878868,0.35930827260017395,0.39071330428123474,-0.09788445383310318,0.3436944782733917,0.26521533727645874,-0.1440899670124054,0.3176313042640686,0.17223508656024933,-0.19273816049098969,0.5279262661933899,0.30877000093460083,0.015836462378501892,0.6170321106910706,0.20579349994659424,-0.05114596709609032,0.5987964868545532,0.24345389008522034,-0.115416519343853,0.5637291669845581,0.2999534606933594,-0.1435798555612564,0.5844716429710388,0.3618517220020294,0.01989537850022316,0.6793756484985352,0.25953617691993713,-0.05290573835372925,0.6327406167984009,0.3358894884586334,-0.11124636977910995,0.5879258513450623,0.39574289321899414,-0.1170436292886734,0.6245272755622864,0.4226188361644745,0.008677159436047077,0.7172763347625732,0.3340981602668762,-0.04912968724966049,0.664683997631073,0.4040270447731018,-0.09491600096225739,0.6146432161331177,0.4619208574295044,-0.09480511397123337,0.6546478271484375,0.4981088638305664,-0.0050042192451655865,0.7265447378158569,0.42483270168304443,-0.055194031447172165,0.692757248878479,0.46043896675109863,-0.09055992215871811,0.6513434648513794,0.5026793479919434,-0.09333083033561707,10
F://Riad Sample//Sign 10//Input Images//Sign 10 - Sample (32).jpg,0.44336998462677,0.6778167486190796,5.932674866926391e-06,0.3736271858215332,0.5380367636680603,-0.05687935650348663,0.3577219247817993,0.382953405380249,-0.08873310685157776,0.34056156873703003,0.2584872841835022,-0.12931346893310547,0.3130052983760834,0.1686011701822281,-0.17370283603668213,0.527503490447998,0.30633780360221863,0.021937530487775803,0.6172752380371094,0.20295964181423187,-0.0383148267865181,0.5995073318481445,0.24038052558898926,-0.10006213933229446,0.5631508827209473,0.2990264594554901,-0.12918230891227722,0.58367520570755,0.361631840467453,0.025818396359682083,0.6792526245117188,0.25890570878982544,-0.04080721735954285,0.6341873407363892,0.33553481101989746,-0.09976384043693542,0.5878775715827942,0.3986304998397827,-0.1079445332288742,0.6233795881271362,0.42338624596595764,0.015485952608287334,0.7170841693878174,0.3327079117298126,-0.037788275629282,0.6663500070571899,0.4024984538555145,-0.08337115496397018,0.6151919364929199,0.4630366563796997,-0.08553023636341095,0.6524730920791626,0.49901720881462097,0.0027271900326013565,0.7238634824752808,0.42493802309036255,-0.04477042332291603,0.692823052406311,0.46026837825775146,-0.08054608851671219,0.6523205041885376,0.5038701295852661,-0.08541412651538849,10
F://Riad Sample//Sign 10//Input Images//Sign 10 - Sample (33).jpg,0.44054609537124634,0.676264226436615,-1.648721081437543e-05,0.37221527099609375,0.536496639251709,-0.06438272446393967,0.3570719361305237,0.3802718222141266,-0.09949406236410141,0.3402724862098694,0.2521817684173584,-0.14082783460617065,0.3124781847000122,0.1621769815683365,-0.18487362563610077,0.5261571407318115,0.30347469449043274,0.017479529604315758,0.6164769530296326,0.19923660159111023,-0.042897652834653854,0.6025732159614563,0.2369772046804428,-0.10621345043182373,0.5676499605178833,0.2946639657020569,-0.13725878298282623,0.58347487449646,0.3594701290130615,0.02540423721075058,0.6787921786308289,0.25704672932624817,-0.0421699620783329,0.6358031034469604,0.33613282442092896,-0.09928498417139053,0.5900619626045227,0.39912694692611694,-0.10565879195928574,0.6226703524589539,0.42211082577705383,0.01817150227725506,0.7164215445518494,0.33260607719421387,-0.03541601821780205,0.666626513004303,0.4048541784286499,-0.07858394086360931,0.6167027950286865,0.4639120101928711,-0.07956115156412125,0.6500841975212097,0.49761372804641724,0.007356340531259775,0.7232585549354553,0.4269638657569885,-0.038132958114147186,0.6931164264678955,0.46449530124664307,-0.07093814015388489,0.6548278331756592,0.506710946559906,-0.07365670055150986,10
F://Riad Sample//Sign 10//Input Images//Sign 10 - Sample (34).jpg,0.4379293918609619,0.672118604183197,-2.6426243493915536e-05,0.3670879602432251,0.5320544838905334,-0.049215953797101974,0.35151243209838867,0.37932854890823364,-0.07839199900627136,0.33719098567962646,0.2571275234222412,-0.11712931841611862,0.31117311120033264,0.16909867525100708,-0.15846076607704163,0.5222216248512268,0.3061516284942627,0.030300451442599297,0.6152337789535522,0.1985074281692505,-0.027322961017489433,0.5951622724533081,0.22974437475204468,-0.08586227893829346,0.5572540163993835,0.28468912839889526,-0.11138173192739487,0.5781324505805969,0.3590034246444702,0.029413610696792603,0.677359402179718,0.2551732659339905,-0.03275211527943611,0.6301329135894775,0.3246108591556549,-0.08985551446676254,0.583059549331665,0.38426902890205383,-0.09826012700796127,0.6171342134475708,0.4194665253162384,0.013800624758005142,0.713594377040863,0.3278559446334839,-0.035746268928050995,0.660108208656311,0.3930867314338684,-0.07974574714899063,0.6078521013259888,0.4525473117828369,-0.08066932111978531,0.6458615660667419,0.49518996477127075,-0.0030382503755390644,0.7205696702003479,0.41978156566619873,-0.0511418879032135,0.6862599849700928,0.453464150428772,-0.08805789798498154,0.642969012260437,0.4978180527687073,-0.09457233548164368,10
F://Riad Sample//Sign 10//Input Images//Sign 10 - Sample (35).jpg,0.4408265948295593,0.6683914661407471,-2.219307134510018e-05,0.3664107322692871,0.531635582447052,-0.050722621381282806,0.3504360616207123,0.3791777789592743,-0.07971173524856567,0.3383324146270752,0.25489896535873413,-0.11837556213140488,0.31662222743034363,0.16257625818252563,-0.15857292711734772,0.5220587849617004,0.30053141713142395,0.03868136554956436,0.6118159890174866,0.1954825222492218,-0.02005191147327423,0.596955418586731,0.2301207333803177,-0.08230189979076385,0.5630373954772949,0.2866269052028656,-0.11100517213344574,0.5786622166633606,0.3527391850948334,0.04114318639039993,0.6755316257476807,0.2508780360221863,-0.02203529141843319,0.6325578093528748,0.3265776038169861,-0.0823269858956337,0.5872160792350769,0.3886150121688843,-0.09253329783678055,0.6188943386077881,0.41243866086006165,0.02854497730731964,0.7132196426391602,0.32339924573898315,-0.022146960720419884,0.6631723642349243,0.39375054836273193,-0.07025878131389618,0.6118680834770203,0.4551343619823456,-0.07296035438776016,0.6493229866027832,0.4874849319458008,0.014531840570271015,0.722464919090271,0.4150577783584595,-0.03478820249438286,0.6893066167831421,0.45152294635772705,-0.07336551696062088,0.6453575491905212,0.4959765672683716,-0.07830771803855896,10
F://Riad Sample//Sign 10//Input Images//Sign 10 - Sample (36).jpg,0.566530704498291,0.7740473747253418,-1.8402133719064295e-05,0.47404664754867554,0.6914664506912231,-0.01761726848781109,0.4251830577850342,0.5693621039390564,-0.03093830868601799,0.37256985902786255,0.484087198972702,-0.05720933526754379,0.31538063287734985,0.4501630663871765,-0.0885486975312233,0.5469094514846802,0.429343044757843,0.06683336943387985,0.5965462923049927,0.29836368560791016,0.022334566339850426,0.576622724533081,0.32968783378601074,-0.03097635693848133,0.553547203540802,0.389229953289032,-0.05719145014882088,0.6032912135124207,0.44844233989715576,0.055148571729660034,0.6531965732574463,0.31557193398475647,0.00461244210600853,0.6187449097633362,0.3922059237957001,-0.0480995699763298,0.5925310850143433,0.46060463786125183,-0.0591207779943943,0.6519187688827515,0.4803994297981262,0.033305421471595764,0.7013049125671387,0.35668280720710754,-0.0073134503327310085,0.6617626547813416,0.43479838967323303,-0.04314465448260307,0.6329940557479858,0.5036959648132324,-0.042185671627521515,0.696861743927002,0.5290849804878235,0.012453421019017696,0.7300319671630859,0.4295260012149811,-0.02309056743979454,0.7005895376205444,0.47264596819877625,-0.04206613451242447,0.6755530834197998,0.525098443031311,-0.04083621874451637,10
F://Riad Sample//Sign 10//Input Images//Sign 10 - Sample (37).jpg,0.564971387386322,0.7706234455108643,-1.570956374052912e-05,0.47526586055755615,0.692066490650177,-0.019678995013237,0.427343487739563,0.5722954273223877,-0.03948265314102173,0.3748151659965515,0.4867281913757324,-0.07209319621324539,0.3108615577220917,0.45172086358070374,-0.11082887649536133,0.5471689105033875,0.4317789673805237,0.06348901242017746,0.5941368937492371,0.3079911470413208,0.015827840194106102,0.5752184391021729,0.33727148175239563,-0.03912442922592163,0.5542799830436707,0.3908403813838959,-0.06522920727729797,0.6033897399902344,0.44785991311073303,0.050756536424160004,0.6513687372207642,0.3151453733444214,-0.0002394404000369832,0.6173001527786255,0.3890070915222168,-0.05402332916855812,0.5929687023162842,0.4542166292667389,-0.06489281356334686,0.6521238088607788,0.47933605313301086,0.027112368494272232,0.7014029026031494,0.35595250129699707,-0.012960576452314854,0.6608344316482544,0.4344514012336731,-0.048015523701906204,0.6332857012748718,0.5011084079742432,-0.04546807333827019,0.6971989274024963,0.5287614464759827,0.003811206901445985,0.7299177050590515,0.4289725422859192,-0.031160537153482437,0.6990621089935303,0.4726211726665497,-0.048299968242645264,0.674010157585144,0.5244090557098389,-0.04430551826953888,10
F://Riad Sample//Sign 10//Input Images//Sign 10 - Sample (38).jpg,0.56474369764328,0.7701454758644104,-1.775123382685706e-05,0.4744623005390167,0.686199426651001,-0.016173843294382095,0.42727696895599365,0.5656070113182068,-0.030112236738204956,0.376039981842041,0.48169469833374023,-0.05560893565416336,0.318835586309433,0.4510439336299896,-0.0867694690823555,0.5489184856414795,0.4304642081260681,0.06327361613512039,0.5976434946060181,0.3001256585121155,0.02209487557411194,0.5779984593391418,0.3312506079673767,-0.028554866090416908,0.555919885635376,0.39122650027275085,-0.05468390882015228,0.6054608225822449,0.4497154653072357,0.0515112429857254,0.6532468199729919,0.31465989351272583,0.00408571120351553,0.619757354259491,0.39001256227493286,-0.04557592794299126,0.59480881690979,0.45969927310943604,-0.05590067431330681,0.6545844674110413,0.48214006423950195,0.030067602172493935,0.7015013694763184,0.35652264952659607,-0.007372175808995962,0.6627678275108337,0.434336394071579,-0.04076801985502243,0.6353233456611633,0.5037238001823425,-0.040044695138931274,0.700334370136261,0.5309468507766724,0.00982438214123249,0.7319306135177612,0.42760470509529114,-0.023351415991783142,0.703210175037384,0.4704166054725647,-0.0409424863755703,0.6798754334449768,0.5231934189796448,-0.03984108939766884,10
F://Riad Sample//Sign 10//Input Images//Sign 10 - Sample (39).jpg,0.5621501803398132,0.7676697969436646,-1.09253560367506e-05,0.47384485602378845,0.6835757493972778,-0.01614248752593994,0.42766422033309937,0.5620756149291992,-0.02840040810406208,0.37640202045440674,0.4786585569381714,-0.052648741751909256,0.31800079345703125,0.4498754143714905,-0.08183351904153824,0.5497196316719055,0.4257138967514038,0.06647372990846634,0.6037514805793762,0.30109837651252747,0.024238381534814835,0.58103346824646,0.334073930978775,-0.02673318237066269,0.5555712580680847,0.3908552825450897,-0.05289808288216591,0.606291651725769,0.4462311863899231,0.05449887737631798,0.6593168377876282,0.3161235451698303,0.007691855076700449,0.6218612194061279,0.3885881006717682,-0.04171936213970184,0.593649685382843,0.4534238576889038,-0.051812365651130676,0.6545893549919128,0.48005345463752747,0.03242594003677368,0.7073196172714233,0.35670238733291626,-0.004636564292013645,0.6651598215103149,0.431135892868042,-0.03725139796733856,0.6347106695175171,0.4967484474182129,-0.035897545516490936,0.697748064994812,0.5300977826118469,0.011082162149250507,0.7330455780029297,0.43239134550094604,-0.022502372041344643,0.7029208540916443,0.4725067913532257,-0.04057228937745094,0.6768249273300171,0.5226642489433289,-0.040365781635046005,10
F://Riad Sample//Sign 10//Input Images//Sign 10 - Sample (40).jpg,0.5660976767539978,0.7690683603286743,-2.7841751943924464e-05,0.4764137864112854,0.6843290328979492,-0.01786947436630726,0.429887592792511,0.5609318017959595,-0.030642732977867126,0.3793785572052002,0.47628355026245117,-0.05553891509771347,0.32357722520828247,0.4462181329727173,-0.08509508520364761,0.551191508769989,0.4257088601589203,0.06398177146911621,0.6013684272766113,0.2960183918476105,0.022585496306419373,0.5818195939064026,0.32874369621276855,-0.02732120081782341,0.5592966079711914,0.3889611065387726,-0.05237141251564026,0.6084781289100647,0.44521564245224,0.053123839199543,0.6584109663963318,0.3117058277130127,0.004334010649472475,0.6243918538093567,0.38803303241729736,-0.04546510800719261,0.598547637462616,0.45484453439712524,-0.05384476110339165,0.6569322347640991,0.477591335773468,0.03286253288388252,0.7058296799659729,0.3532070517539978,-0.004975448362529278,0.6673608422279358,0.43109244108200073,-0.03786572068929672,0.6395629644393921,0.49798277020454407,-0.03627751022577286,0.7009055614471436,0.5257052183151245,0.0130756925791502,0.7335996031761169,0.42569699883461,-0.018584556877613068,0.7063813209533691,0.46749573945999146,-0.03542648255825043,0.683259904384613,0.5180354118347168,-0.03394502401351929,10
F://Riad Sample//Sign 10//Input Images//Sign 10 - Sample (41).jpg,0.5658026337623596,0.7656896114349365,-1.8231799913337454e-05,0.4755571782588959,0.6808612942695618,-0.013234462589025497,0.4286695122718811,0.5600907206535339,-0.030059058219194412,0.3763172924518585,0.47497352957725525,-0.06063703075051308,0.3164942264556885,0.4415093660354614,-0.094820536673069,0.5495431423187256,0.4245154857635498,0.0629865825176239,0.5981153249740601,0.2987123131752014,0.016019918024539948,0.5768275856971741,0.3270794153213501,-0.036224763840436935,0.5546051859855652,0.38098758459091187,-0.05996719375252724,0.6055270433425903,0.4412229657173157,0.04725890979170799,0.6554100513458252,0.30512988567352295,-0.004804383963346481,0.6193689703941345,0.37794703245162964,-0.056866604834795,0.5933656692504883,0.4433673024177551,-0.06638859212398529,0.6539765000343323,0.47383129596710205,0.021442478522658348,0.7043443322181702,0.3477955460548401,-0.018590383231639862,0.6621449589729309,0.424883633852005,-0.05153414607048035,0.6339412927627563,0.4911039471626282,-0.04770367592573166,0.6991389393806458,0.5247381925582886,-0.003331993008032441,0.7333410978317261,0.4234532415866852,-0.038306236267089844,0.7010052800178528,0.46525517106056213,-0.05469239875674248,0.6755635738372803,0.516883134841919,-0.050427038222551346,10
F://Riad Sample//Sign 10//Input Images//Sign 10 - Sample (42).jpg,0.5650807023048401,0.7623547911643982,-1.3942561963631306e-05,0.4761587381362915,0.6820709109306335,-0.02175169251859188,0.4281806945800781,0.5596179962158203,-0.04406871274113655,0.37455567717552185,0.473198264837265,-0.07827748358249664,0.3123484253883362,0.4381844997406006,-0.11801177263259888,0.5444834232330322,0.4194178879261017,0.047780413180589676,0.5938937664031982,0.2924302816390991,0.001979957800358534,0.57758629322052,0.3179701268672943,-0.05007893592119217,0.5565372705459595,0.3716341257095337,-0.0762428268790245,0.6026073694229126,0.4361160099506378,0.03627704456448555,0.6522082090377808,0.30299121141433716,-0.014440740458667278,0.6191673874855042,0.37797117233276367,-0.06641775369644165,0.5930262804031372,0.4436909258365631,-0.07626593858003616,0.6520434617996216,0.4680863916873932,0.015031510032713413,0.702198326587677,0.34544873237609863,-0.023577211424708366,0.6623401641845703,0.42517173290252686,-0.056260157376527786,0.63376784324646,0.4911920428276062,-0.05378936976194382,0.6972619891166687,0.5180902481079102,-0.005928233731538057,0.7308624386787415,0.4177662432193756,-0.03923655301332474,0.7001256346702576,0.4628157615661621,-0.05507272481918335,0.6749724745750427,0.5137298703193665,-0.05156092718243599,10
F://Riad Sample//Sign 10//Input Images//Sign 10 - Sample (43).jpg,0.5668357610702515,0.7618710994720459,3.849379481835058e-06,0.4760896563529968,0.6802608966827393,-0.021320641040802002,0.4280157685279846,0.5560906529426575,-0.0382123626768589,0.37491968274116516,0.46959155797958374,-0.06805495917797089,0.31365063786506653,0.4359307289123535,-0.10239296406507492,0.547387421131134,0.4181596636772156,0.06244618073105812,0.5978274345397949,0.29194048047065735,0.016756385564804077,0.5803161859512329,0.3194264769554138,-0.0354388989508152,0.5584361553192139,0.3739490211009979,-0.06049053370952606,0.604341447353363,0.4341586232185364,0.05179457738995552,0.6541761159896851,0.3022792935371399,6.496128480648622e-05,0.6204224824905396,0.37967029213905334,-0.05277952924370766,0.5942888259887695,0.44610485434532166,-0.061484452337026596,0.6531388759613037,0.46437692642211914,0.030900971964001656,0.7025146484375,0.3434959650039673,-0.010744035243988037,0.6628625392913818,0.42534878849983215,-0.04524633288383484,0.6345961689949036,0.4922807216644287,-0.041968803852796555,0.6983998417854309,0.5126479268074036,0.01029718667268753,0.7315320372581482,0.41273632645606995,-0.02425999566912651,0.7020178437232971,0.4589352309703827,-0.04037008434534073,0.6784647703170776,0.5108768939971924,-0.03565908968448639,10
F://Riad Sample//Sign 10//Input Images//Sign 10 - Sample (44).jpg,0.5650987029075623,0.7554154396057129,-3.7423326375574106e-06,0.4747813642024994,0.6720273494720459,-0.015030386857688427,0.42846864461898804,0.550987184047699,-0.0326523557305336,0.3771194815635681,0.4664819836616516,-0.06271954625844955,0.3155280351638794,0.43201783299446106,-0.09863566607236862,0.5475811958312988,0.4146757125854492,0.05928817391395569,0.5937435626983643,0.29188287258148193,0.013377465307712555,0.5764877200126648,0.3191630244255066,-0.0404212661087513,0.5573462247848511,0.37392857670783997,-0.0662708580493927,0.6044778227806091,0.43009209632873535,0.04487380012869835,0.6528965830802917,0.2946242094039917,-0.002222077688202262,0.6209016442298889,0.3659937381744385,-0.05462349206209183,0.5967046618461609,0.43389955163002014,-0.066804900765419,0.6530506014823914,0.46197691559791565,0.020821841433644295,0.7014347314834595,0.33823394775390625,-0.017115529626607895,0.6627160310745239,0.4163384437561035,-0.05179763585329056,0.6361596584320068,0.48632386326789856,-0.05071190372109413,0.6984614133834839,0.5124079585075378,-0.0024284995160996914,0.730530321598053,0.41042688488960266,-0.0374922901391983,0.7005220055580139,0.45349398255348206,-0.05528346076607704,0.6768256425857544,0.5081064701080322,-0.05315479263663292,10
F://Riad Sample//Sign 10//Input Images//Sign 10 - Sample (45).jpg,0.5657195448875427,0.7546599507331848,-8.988461559056304e-06,0.4766811430454254,0.6726162433624268,-0.01930779591202736,0.4296988248825073,0.5500056147575378,-0.04114053398370743,0.3772265315055847,0.4637223780155182,-0.0751456692814827,0.31459587812423706,0.42998844385147095,-0.11623837053775787,0.5462856888771057,0.41348686814308167,0.04799633473157883,0.5910449624061584,0.2873794734477997,0.00036850213655270636,0.5741468071937561,0.3108396530151367,-0.054461270570755005,0.5545080900192261,0.3648161292076111,-0.08152515441179276,0.603719174861908,0.4289664030075073,0.034473028033971786,0.6506905555725098,0.29332712292671204,-0.016173003241419792,0.6193729639053345,0.3660063147544861,-0.06990193575620651,0.595047652721405,0.43479835987091064,-0.08251164108514786,0.653296709060669,0.4611625373363495,0.010869892314076424,0.7004492878913879,0.3358738422393799,-0.0282727163285017,0.6626161932945251,0.4138428270816803,-0.06439835578203201,0.6352728605270386,0.48356714844703674,-0.06495379656553268,0.6999946236610413,0.5125480890274048,-0.011485295370221138,0.7317179441452026,0.410041481256485,-0.046131234616041183,0.7022625207901001,0.45410019159317017,-0.06462827324867249,0.6782383918762207,0.5079913139343262,-0.06340475380420685,10
F://Riad Sample//Sign 10//Input Images//Sign 10 - Sample (46).jpg,0.5641424655914307,0.7554793953895569,-3.236454358557239e-05,0.47460827231407166,0.6661803722381592,-0.00741549301892519,0.4282563328742981,0.5411689877510071,-0.019278166815638542,0.37580668926239014,0.45614683628082275,-0.046186719089746475,0.31622314453125,0.4246521592140198,-0.0767364352941513,0.5482550859451294,0.40525195002555847,0.0715382769703865,0.5980029106140137,0.2787955403327942,0.028214052319526672,0.5781489610671997,0.3115798532962799,-0.02189631387591362,0.5566527247428894,0.36810460686683655,-0.044792015105485916,0.6045082211494446,0.4229159653186798,0.05347829684615135,0.6546179056167603,0.28726500272750854,0.004199731629341841,0.6193845868110657,0.3649558424949646,-0.04607135429978371,0.5934800505638123,0.43117666244506836,-0.054134856909513474,0.65350341796875,0.4558475613594055,0.02638608030974865,0.7029783129692078,0.33047235012054443,-0.010227730497717857,0.6609227657318115,0.41184139251708984,-0.04162200540304184,0.6325454115867615,0.4792301654815674,-0.03845873102545738,0.699289858341217,0.5076462030410767,0.0001709210337139666,0.7317635416984558,0.4066457152366638,-0.03101465292274952,0.6995810866355896,0.4517521858215332,-0.04590300843119621,0.674821674823761,0.5045205354690552,-0.04184488579630852,10
F://Riad Sample//Sign 10//Input Images//Sign 10 - Sample (47).jpg,0.565657377243042,0.7493835687637329,-2.9091448595863767e-05,0.4725891947746277,0.6606988906860352,-0.01545469556003809,0.42532670497894287,0.5390875935554504,-0.027571318671107292,0.37330466508865356,0.45371127128601074,-0.05289982259273529,0.3161104917526245,0.42287856340408325,-0.0813341960310936,0.5477378368377686,0.400137335062027,0.06356608122587204,0.5990156531333923,0.270821750164032,0.023556174710392952,0.5781529545783997,0.30814510583877563,-0.021990008652210236,0.554771900177002,0.36702802777290344,-0.04250713810324669,0.604697585105896,0.41888561844825745,0.050787463784217834,0.657737672328949,0.2829768657684326,0.0015154615975916386,0.6206663846969604,0.36290496587753296,-0.047844357788562775,0.5922565460205078,0.42932334542274475,-0.056112512946128845,0.6534742116928101,0.451080858707428,0.02822696790099144,0.705013632774353,0.3253259062767029,-0.010941884480416775,0.662126362323761,0.40721943974494934,-0.04257253184914589,0.6325278282165527,0.47459113597869873,-0.03867889195680618,0.6978722810745239,0.5004671812057495,0.0067199538461863995,0.7340642809867859,0.39792636036872864,-0.025762423872947693,0.7029805183410645,0.4429454505443573,-0.040602896362543106,0.6773734092712402,0.4951510429382324,-0.03608271852135658,10
F://Riad Sample//Sign 10//Input Images//Sign 10 - Sample (48).jpg,0.5487284660339355,0.7826696038246155,-1.6971063814708032e-05,0.46021169424057007,0.703467071056366,-0.016175953671336174,0.41203397512435913,0.587650716304779,-0.02895808033645153,0.3619231879711151,0.5052089095115662,-0.05386447533965111,0.30709150433540344,0.4728848934173584,-0.08254808187484741,0.5204429626464844,0.44798794388771057,0.05344559997320175,0.5674823522567749,0.32271474599838257,0.018031364306807518,0.5551919341087341,0.35415616631507874,-0.02346257120370865,0.5375175476074219,0.4105395972728729,-0.043449025601148605,0.5764763355255127,0.4633427858352661,0.042986370623111725,0.6235514879226685,0.3341936469078064,-0.0024636080488562584,0.5964891314506531,0.412905216217041,-0.04521934315562248,0.5737332701683044,0.4795345366001129,-0.049568384885787964,0.6241903305053711,0.4923633933067322,0.02368142269551754,0.6691606044769287,0.3735314607620239,-0.011480321176350117,0.6352670788764954,0.4545125663280487,-0.039769094437360764,0.6103183627128601,0.5210726261138916,-0.035991739481687546,0.6674287915229797,0.5382715463638306,0.00486372597515583,0.6978756785392761,0.43906962871551514,-0.026054413989186287,0.6723001003265381,0.4842110872268677,-0.04153725877404213,0.6511157751083374,0.5356177091598511,-0.038885023444890976,10
F://Riad Sample//Sign 10//Input Images//Sign 10 - Sample (49).jpg,0.54598468542099,0.7744075059890747,-6.745121208950877e-05,0.4556727409362793,0.6951427459716797,-0.02079547755420208,0.40749096870422363,0.5804546475410461,-0.03493949770927429,0.35747504234313965,0.5000011920928955,-0.05832766741514206,0.3054670989513397,0.4705164432525635,-0.08203958719968796,0.5171684622764587,0.4433446228504181,0.04989399015903473,0.5604409575462341,0.31598326563835144,0.015237473882734776,0.5443748235702515,0.3558475971221924,-0.023048056289553642,0.5260961055755615,0.4157600402832031,-0.042041875422000885,0.5740975141525269,0.45888978242874146,0.04357977584004402,0.6173931360244751,0.32578837871551514,-0.0025760079734027386,0.587652862071991,0.4079723656177521,-0.042831066995859146,0.5658686757087708,0.4740753769874573,-0.045408014208078384,0.6225374341011047,0.4876936376094818,0.02791718579828739,0.6658211350440979,0.36580413579940796,-0.005623004864901304,0.630124568939209,0.451509028673172,-0.027972906827926636,0.6067863702774048,0.51659095287323,-0.020661666989326477,0.6653592586517334,0.5337260961532593,0.012528451159596443,0.6951590180397034,0.4340148866176605,-0.014782705344259739,0.668829083442688,0.4812791347503662,-0.025469563901424408,0.6497035026550293,0.5299317836761475,-0.01849362999200821,10
F://Riad Sample//Sign 10//Input Images//Sign 10 - Sample (50).jpg,0.5455031394958496,0.7752615213394165,-7.227269816212356e-05,0.4547901153564453,0.6966914534568787,-0.019564636051654816,0.40668973326683044,0.5811556577682495,-0.031097542494535446,0.35750633478164673,0.49948275089263916,-0.05271286889910698,0.3057715594768524,0.4663039743900299,-0.07798393070697784,0.5180262327194214,0.4408549666404724,0.05112426355481148,0.5608357787132263,0.31074774265289307,0.016446927562355995,0.545311689376831,0.3464098572731018,-0.025741631165146828,0.5274953842163086,0.4088330566883087,-0.048088349401950836,0.5748751759529114,0.45656460523605347,0.04463605582714081,0.6180426478385925,0.32412731647491455,0.001230353955179453,0.5896818041801453,0.4035947918891907,-0.042771726846694946,0.5679451823234558,0.474469929933548,-0.05173490568995476,0.6233482360839844,0.48468881845474243,0.029384581372141838,0.6649655103683472,0.3642721176147461,-0.00418650871142745,0.6320586204528809,0.44666725397109985,-0.03280995041131973,0.608503520488739,0.5164293646812439,-0.031067615374922752,0.6671655178070068,0.5292906761169434,0.014719096943736076,0.6946732997894287,0.42740726470947266,-0.01616949960589409,0.6711640357971191,0.47219768166542053,-0.031109357252717018,0.6522022485733032,0.5244140625,-0.02870866097509861,10
F://Riad Sample//Sign 10//Input Images//Sign 10 - Sample (51).jpg,0.5443086624145508,0.7770103216171265,-4.9656853661872447e-05,0.45604369044303894,0.697406530380249,-0.020943572744727135,0.40863120555877686,0.5800452828407288,-0.03419419005513191,0.3595329821109772,0.49769553542137146,-0.05746493116021156,0.3063940405845642,0.4660724997520447,-0.08239103853702545,0.5168044567108154,0.44078734517097473,0.05301789194345474,0.5602853894233704,0.31390583515167236,0.016294416040182114,0.5453009605407715,0.3536452651023865,-0.025703497231006622,0.5272362232208252,0.4148116707801819,-0.04744354635477066,0.5734841823577881,0.45675453543663025,0.04622423276305199,0.6175570487976074,0.32486554980278015,0.0014522698475047946,0.5889796018600464,0.40710848569869995,-0.042238350957632065,0.566735565662384,0.4745045006275177,-0.048724159598350525,0.6217537522315979,0.48557040095329285,0.03009670041501522,0.6649418473243713,0.3641660809516907,-0.00470396364107728,0.63039630651474,0.45006462931632996,-0.03207783401012421,0.606425940990448,0.5174076557159424,-0.02831050008535385,0.6651758551597595,0.5310860276222229,0.014176814816892147,0.693453311920166,0.43078261613845825,-0.015272689051926136,0.667729377746582,0.4782481789588928,-0.02810799330472946,0.6481759548187256,0.5290554165840149,-0.023530583828687668,10
F://Riad Sample//Sign 10//Input Images//Sign 10 - Sample (52).jpg,0.5427628755569458,0.7790259122848511,-5.7179662690032274e-05,0.45348674058914185,0.6967184543609619,-0.02067580260336399,0.40582937002182007,0.5796610116958618,-0.034013841301202774,0.3571400046348572,0.49832820892333984,-0.057755693793296814,0.3056935966014862,0.4679523706436157,-0.0856356993317604,0.5192100405693054,0.4420730173587799,0.051870979368686676,0.5626165866851807,0.31090107560157776,0.012360883876681328,0.5452365875244141,0.34949129819869995,-0.03140256553888321,0.5256253480911255,0.41327103972435,-0.052163198590278625,0.57588791847229,0.46056830883026123,0.043562475591897964,0.6193872094154358,0.32969531416893005,-0.005934449844062328,0.5899415016174316,0.4090178906917572,-0.05038905888795853,0.5680921077728271,0.47600430250167847,-0.05620511248707771,0.624255895614624,0.4914624094963074,0.025711040943861008,0.6656728982925415,0.36897286772727966,-0.012983686290681362,0.6318135857582092,0.4483477473258972,-0.041712772101163864,0.6078665256500244,0.5156680941581726,-0.03776001185178757,0.6676622033119202,0.5380504131317139,0.007875320501625538,0.6962385177612305,0.43620118498802185,-0.023619255051016808,0.6722451448440552,0.4787367582321167,-0.039427511394023895,0.6525759100914001,0.5299212336540222,-0.03688095882534981,10
F://Riad Sample//Sign 10//Input Images//Sign 10 - Sample (53).jpg,0.5433456897735596,0.777260422706604,-5.831970338476822e-05,0.45435336232185364,0.6989734768867493,-0.01855723187327385,0.4069926142692566,0.5813785195350647,-0.03156793862581253,0.35761502385139465,0.4995616376399994,-0.055443305522203445,0.3044308125972748,0.4683964252471924,-0.08299624919891357,0.5183878540992737,0.4415336847305298,0.053655195981264114,0.5609200596809387,0.3108193874359131,0.015618621371686459,0.5418111085891724,0.35054153203964233,-0.026147430762648582,0.522413432598114,0.4133114218711853,-0.04558970406651497,0.5738666653633118,0.45837849378585815,0.04429732263088226,0.6163192391395569,0.32556289434432983,-0.004179608542472124,0.5850996375083923,0.4061054587364197,-0.04866017401218414,0.5632365345954895,0.4736604392528534,-0.05357270687818527,0.6216931939125061,0.4875852167606354,0.025790676474571228,0.662590503692627,0.36464306712150574,-0.011746454983949661,0.6267277598381042,0.4463108479976654,-0.039477407932281494,0.6027877926826477,0.5140056610107422,-0.03463178128004074,0.6653393507003784,0.5326943397521973,0.00720974151045084,0.6920251846313477,0.4296061396598816,-0.023859264329075813,0.6659914255142212,0.47332966327667236,-0.03821588307619095,0.645969569683075,0.5253138542175293,-0.03391071408987045,10
F://Riad Sample//Sign 10//Input Images//Sign 10 - Sample (54).jpg,0.5412005186080933,0.7759755849838257,-4.936636833008379e-05,0.45049959421157837,0.6962359547615051,-0.021533584222197533,0.40392884612083435,0.5803148746490479,-0.03591721132397652,0.3558138608932495,0.4993080198764801,-0.06012188270688057,0.3023603558540344,0.4684607982635498,-0.08817996084690094,0.5158221125602722,0.44058355689048767,0.0479123555123806,0.5602437853813171,0.3099491000175476,0.01130484975874424,0.5446890592575073,0.3470865786075592,-0.03077399730682373,0.5264034867286682,0.40931716561317444,-0.05160793662071228,0.5721819400787354,0.4564684331417084,0.04089799150824547,0.6169604063034058,0.3245508372783661,-0.004619008395820856,0.5881226062774658,0.40453997254371643,-0.04738542437553406,0.5660359263420105,0.47354525327682495,-0.0533159077167511,0.6203678846359253,0.4850970506668091,0.02476012147963047,0.663503885269165,0.36389124393463135,-0.009594321250915527,0.6298993825912476,0.44630756974220276,-0.038875188678503036,0.6060304641723633,0.5153642892837524,-0.03608160838484764,0.6634308099746704,0.5305219888687134,0.008840318769216537,0.6935034394264221,0.42893803119659424,-0.02250075712800026,0.6693570613861084,0.47516921162605286,-0.03881821036338806,0.6496330499649048,0.5286969542503357,-0.036739084869623184,10
F://Riad Sample//Sign 10//Input Images//Sign 10 - Sample (55).jpg,0.5433185696601868,0.7776086330413818,-6.916229176567867e-05,0.4522687494754791,0.6998486518859863,-0.018403904512524605,0.40383380651474,0.5815297961235046,-0.03014272265136242,0.3548668622970581,0.4990893304347992,-0.052176859229803085,0.3024698495864868,0.465268611907959,-0.07976444065570831,0.5148922801017761,0.441840261220932,0.049389131367206573,0.5553886890411377,0.30983978509902954,0.015522516332566738,0.5399119853973389,0.34101757407188416,-0.027515502646565437,0.5222095847129822,0.4026243984699249,-0.05154017359018326,0.5718896389007568,0.45706528425216675,0.042171839624643326,0.6138442158699036,0.32480481266975403,0.001526781008578837,0.5854679942131042,0.4027348458766937,-0.0427030548453331,0.5638114809989929,0.47422561049461365,-0.0520876981317997,0.6203535199165344,0.48560354113578796,0.02640524134039879,0.6610925197601318,0.36435848474502563,-0.005357912741601467,0.6276572942733765,0.44607996940612793,-0.03530381619930267,0.6043174266815186,0.5166212916374207,-0.03490716591477394,0.6635651588439941,0.5309245586395264,0.01124129630625248,0.6918822526931763,0.4305504560470581,-0.02014329470694065,0.6675275564193726,0.4768308103084564,-0.03766554966568947,0.6482973694801331,0.5301029682159424,-0.037460628896951675,10
F://Riad Sample//Sign 10//Input Images//Sign 10 - Sample (56).jpg,0.5415403246879578,0.7744651436805725,-2.739362753345631e-05,0.4513481855392456,0.6953955888748169,-0.016853587701916695,0.4021468162536621,0.5783220529556274,-0.028809692710638046,0.35256028175354004,0.49627262353897095,-0.05323126167058945,0.30056315660476685,0.4632605314254761,-0.08193787187337875,0.5152720212936401,0.4395187199115753,0.06088583916425705,0.5591766834259033,0.3097095489501953,0.019598420709371567,0.5439716577529907,0.34302258491516113,-0.027720296755433083,0.5261377692222595,0.40408945083618164,-0.05052979290485382,0.5707306265830994,0.45675912499427795,0.04992864280939102,0.6140390634536743,0.3272932767868042,-0.0010786300990730524,0.5855531096458435,0.40749502182006836,-0.04772014543414116,0.5648398399353027,0.47579309344291687,-0.052563153207302094,0.6188024878501892,0.4865579605102539,0.02906705066561699,0.6607752442359924,0.36549320816993713,-0.01070711761713028,0.6262336373329163,0.4464203417301178,-0.042157385498285294,0.6021440029144287,0.5151199102401733,-0.03860250487923622,0.6631585955619812,0.5323164463043213,0.008871707133948803,0.6905738115310669,0.43207013607025146,-0.024641184136271477,0.6649889945983887,0.4764968752861023,-0.04227687045931816,0.6447842717170715,0.5289984941482544,-0.039660222828388214,10
F://Riad Sample//Sign 10//Input Images//Sign 10 - Sample (57).jpg,0.5380768179893494,0.7720593214035034,-6.005637987982482e-05,0.44897282123565674,0.6952230930328369,-0.021097349002957344,0.40188390016555786,0.5780647993087769,-0.034839365631341934,0.3530115485191345,0.4973347783088684,-0.058770801872015,0.29983270168304443,0.4669158458709717,-0.0870651826262474,0.5143951177597046,0.43879687786102295,0.051462721079587936,0.5570265650749207,0.3089942932128906,0.011550153605639935,0.5383599996566772,0.3486807942390442,-0.03229846805334091,0.5189290046691895,0.41211462020874023,-0.05383162945508957,0.5705853700637817,0.45634645223617554,0.04400430619716644,0.6130765080451965,0.32523858547210693,-0.005297882482409477,0.5821231603622437,0.406292587518692,-0.04984230548143387,0.5602948069572449,0.4732532501220703,-0.05476893484592438,0.618539571762085,0.4861355721950531,0.026463283225893974,0.6599154472351074,0.36656635999679565,-0.011633634567260742,0.6244268417358398,0.44864848256111145,-0.040766745805740356,0.6001973748207092,0.5146782994270325,-0.03697455674409866,0.6614954471588135,0.531482994556427,0.008925573900341988,0.689203679561615,0.43108701705932617,-0.021418938413262367,0.663823127746582,0.4759298264980316,-0.03619467839598656,0.6439984440803528,0.52674400806427,-0.032253559678792953,10
F://Riad Sample//Sign 10//Input Images//Sign 10 - Sample (58).jpg,0.5369869470596313,0.7749801874160767,-4.656151941162534e-05,0.4489847421646118,0.6940807104110718,-0.02785656973719597,0.4009949862957001,0.5750969648361206,-0.044552117586135864,0.35188180208206177,0.49217116832733154,-0.07017549127340317,0.29950836300849915,0.46251827478408813,-0.097370944917202,0.5110200643539429,0.4381761848926544,0.04541520029306412,0.5578681826591492,0.3095967173576355,-7.871826710470486e-06,0.5399168133735657,0.35427457094192505,-0.044287748634815216,0.5191622972488403,0.4176832139492035,-0.06337634474039078,0.5681910514831543,0.4581031799316406,0.04010199382901192,0.6145522594451904,0.3268411457538605,-0.014591187238693237,0.583743691444397,0.4089771509170532,-0.058894891291856766,0.5605558753013611,0.4729876220226288,-0.06235601380467415,0.6171637773513794,0.48908406496047974,0.0241500586271286,0.6616346836090088,0.3677677512168884,-0.01811779849231243,0.6261662244796753,0.44978034496307373,-0.04675799235701561,0.6007511615753174,0.5142719745635986,-0.041639767587184906,0.6617790460586548,0.5338979363441467,0.008014454506337643,0.6910121440887451,0.43361833691596985,-0.02368422970175743,0.6657752990722656,0.47769632935523987,-0.038400158286094666,0.6452507376670837,0.5272494554519653,-0.033935800194740295,10
F://Riad Sample//Sign 10//Input Images//Sign 10 - Sample (59).jpg,0.5350006818771362,0.7726328372955322,-2.6532499759923667e-05,0.445444256067276,0.6915810108184814,-0.01788959838449955,0.3982863426208496,0.5720183253288269,-0.02699686773121357,0.349712073802948,0.4910697638988495,-0.047957610338926315,0.2962445318698883,0.4638170897960663,-0.07240043580532074,0.5111125111579895,0.43776026368141174,0.06238294765353203,0.5553489923477173,0.31026387214660645,0.02089172974228859,0.5383602380752563,0.347979873418808,-0.02696150727570057,0.5190148949623108,0.4114971160888672,-0.050803761929273605,0.5679218173027039,0.45590275526046753,0.053490109741687775,0.6131005883216858,0.32502281665802,0.006160098128020763,0.5830920934677124,0.4034111797809601,-0.04022224247455597,0.5603601932525635,0.47187069058418274,-0.04728515073657036,0.6168299913406372,0.48721104860305786,0.03427429124712944,0.6601381301879883,0.36556851863861084,-0.003962749615311623,0.6254023313522339,0.44538170099258423,-0.0356043316423893,0.6005135178565979,0.5130388140678406,-0.033534884452819824,0.6610177755355835,0.5339903235435486,0.01578209549188614,0.6890161037445068,0.4337614178657532,-0.014624794945120811,0.6642034649848938,0.47643956542015076,-0.030524391680955887,0.6441443562507629,0.5269778966903687,-0.028303997591137886,10
F://Riad Sample//Sign 10//Input Images//Sign 10 - Sample (60).jpg,0.5371205806732178,0.7753494381904602,-2.921243321907241e-05,0.4489188492298126,0.6971181035041809,-0.023908792063593864,0.40045517683029175,0.5774914026260376,-0.03985346853733063,0.3492884039878845,0.4953577518463135,-0.06639941781759262,0.29164862632751465,0.4665409028530121,-0.09681674838066101,0.5104219913482666,0.4386831820011139,0.05223671346902847,0.5552448034286499,0.30931466817855835,0.007951739244163036,0.5401415228843689,0.34620267152786255,-0.03899602219462395,0.5213495492935181,0.4080147445201874,-0.06039039045572281,0.5669077634811401,0.4558897614479065,0.04491857811808586,0.6103797554969788,0.3259665369987488,-0.009197595529258251,0.5825701355934143,0.40762341022491455,-0.055640559643507004,0.5613047480583191,0.47532400488853455,-0.060017190873622894,0.6156021952629089,0.4860876500606537,0.027464592829346657,0.6571059823036194,0.36525529623031616,-0.0140821048989892,0.623772144317627,0.4473491311073303,-0.04624725133180618,0.5992181301116943,0.5152103304862976,-0.04351244121789932,0.6607298851013184,0.5324710011482239,0.010027708485722542,0.6874043941497803,0.4343338906764984,-0.023780684918165207,0.6628544330596924,0.48002511262893677,-0.04230416193604469,0.642957329750061,0.5321711897850037,-0.04102402180433273,10
F://Riad Sample//Sign 10//Input Images//Sign 10 - Sample (61).jpg,0.43852493166923523,0.7415652275085449,-0.000294543249765411,0.5920311808586121,0.6904188394546509,0.050216175615787506,0.6883307099342346,0.5939622521400452,0.0657561793923378,0.7730486392974854,0.5062559247016907,0.08930161595344543,0.8309078812599182,0.44480401277542114,0.11839864403009415,0.545639157295227,0.3775707185268402,-0.017503835260868073,0.5005732774734497,0.18813113868236542,0.07566554099321365,0.5070481300354004,0.21234813332557678,0.1506885141134262,0.5236552357673645,0.27725017070770264,0.1977764517068863,0.45786309242248535,0.3807966411113739,-0.0075889830477535725,0.4235784113407135,0.17996951937675476,0.11616671085357666,0.4353920519351959,0.21220442652702332,0.2039947807788849,0.45316606760025024,0.29509416222572327,0.23416224122047424,0.3816480040550232,0.4105137586593628,0.01597782038152218,0.3622732162475586,0.24189229309558868,0.13385668396949768,0.3786807060241699,0.2799091339111328,0.21947050094604492,0.3966939449310303,0.35508787631988525,0.2503163516521454,0.32217952609062195,0.45545411109924316,0.04738639295101166,0.3023229241371155,0.31317150592803955,0.12782907485961914,0.31525805592536926,0.3347945809364319,0.1977473348379135,0.3364003002643585,0.3901909589767456,0.23912493884563446,10
F://Riad Sample//Sign 10//Input Images//Sign 10 - Sample (62).jpg,0.45026692748069763,0.7357485294342041,-0.00023428983695339411,0.5995548963546753,0.6843666434288025,0.04000288248062134,0.6937975287437439,0.6005160212516785,0.05064806342124939,0.7775492668151855,0.5164520144462585,0.06993259489536285,0.8337115049362183,0.45702946186065674,0.10145194083452225,0.5499346256256104,0.38390427827835083,-0.010684915818274021,0.5132879018783569,0.19808891415596008,0.06557240337133408,0.5222482681274414,0.21259614825248718,0.12521682679653168,0.5394614934921265,0.27098166942596436,0.16698747873306274,0.4643506705760956,0.3884492516517639,-0.003575652837753296,0.4307524561882019,0.18349897861480713,0.08459021896123886,0.44328978657722473,0.20360225439071655,0.1533145308494568,0.46101656556129456,0.28173762559890747,0.18577662110328674,0.38963770866394043,0.41789257526397705,0.012464631348848343,0.3638412356376648,0.23848174512386322,0.09848247468471527,0.3814579248428345,0.2621505558490753,0.18204614520072937,0.40086832642555237,0.3339763879776001,0.2274598330259323,0.32990869879722595,0.4646449685096741,0.03397949039936066,0.2999296188354492,0.3140687644481659,0.09295328706502914,0.31596827507019043,0.32283878326416016,0.16154834628105164,0.34237125515937805,0.3740294575691223,0.21503260731697083,10
F://Riad Sample//Sign 10//Input Images//Sign 10 - Sample (63).jpg,0.43711206316947937,0.7572747468948364,-0.0002126837644027546,0.5916395783424377,0.6962836384773254,0.06822662800550461,0.6911258697509766,0.6007516384124756,0.08542493730783463,0.7825489640235901,0.5137150883674622,0.10635066032409668,0.8379439115524292,0.45738840103149414,0.1354283094406128,0.5576941967010498,0.3889254331588745,-0.007848495617508888,0.5126635432243347,0.18863964080810547,0.07372355461120605,0.5165412425994873,0.2159983217716217,0.13715878129005432,0.5327686071395874,0.2836460769176483,0.17675568163394928,0.4710438847541809,0.3918195366859436,-0.01636900007724762,0.4329834282398224,0.18337830901145935,0.08849332481622696,0.4403417110443115,0.22012338042259216,0.16529522836208344,0.4574173390865326,0.30933496356010437,0.18975207209587097,0.39380407333374023,0.4189753532409668,-0.01061836164444685,0.37012553215026855,0.24316948652267456,0.09519828110933304,0.38722753524780273,0.2829977869987488,0.1802113950252533,0.4078138768672943,0.3620082139968872,0.21290680766105652,0.33084285259246826,0.46138057112693787,0.003423041431233287,0.3059979975223541,0.31679612398147583,0.07071923464536667,0.3235817551612854,0.3405689597129822,0.13756845891475677,0.3486630916595459,0.3970205783843994,0.17681971192359924,10
F://Riad Sample//Sign 10//Input Images//Sign 10 - Sample (64).jpg,0.44054925441741943,0.7767057418823242,-0.0002722507924772799,0.594570517539978,0.7165796756744385,0.061274703592061996,0.6912654042243958,0.6181883811950684,0.08320938795804977,0.7757802605628967,0.5288570523262024,0.1101062223315239,0.8338317275047302,0.4669269323348999,0.14095385372638702,0.5486899614334106,0.38514307141304016,0.026044990867376328,0.5087534785270691,0.21333321928977966,0.12628401815891266,0.5151281952857971,0.24481113255023956,0.1937243938446045,0.5325337052345276,0.31138092279434204,0.23381488025188446,0.45984891057014465,0.39046719670295715,0.02989097312092781,0.4283756911754608,0.2027316391468048,0.15647949278354645,0.4397673010826111,0.2350858598947525,0.23545414209365845,0.45880550146102905,0.31529080867767334,0.2621394991874695,0.38338029384613037,0.4250963032245636,0.04660432040691376,0.36532899737358093,0.2649278938770294,0.16213597357273102,0.3813020586967468,0.30076128244400024,0.24406923353672028,0.39907628297805786,0.3748213052749634,0.27780455350875854,0.32269689440727234,0.47876763343811035,0.07059383392333984,0.3003586530685425,0.3420632779598236,0.15084972977638245,0.31620609760284424,0.36104151606559753,0.22184889018535614,0.33987298607826233,0.4186999201774597,0.26850536465644836,10
F://Riad Sample//Sign 10//Input Images//Sign 10 - Sample (65).jpg,0.4361341893672943,0.7776570320129395,-0.0002307594841113314,0.5900547504425049,0.7191711664199829,0.06549076735973358,0.688989520072937,0.627081036567688,0.08544793725013733,0.7822227478027344,0.5408846735954285,0.11133404821157455,0.8409194946289062,0.4867682158946991,0.14161305129528046,0.55763179063797,0.4129156470298767,0.001188189024105668,0.5125114321708679,0.22251087427139282,0.08812474459409714,0.5136083960533142,0.24240270256996155,0.15088599920272827,0.5291703939437866,0.3053244650363922,0.1897812932729721,0.46913886070251465,0.4147365689277649,-0.0008093108772300184,0.4321381449699402,0.21264676749706268,0.11343573033809662,0.43775808811187744,0.2457326501607895,0.19197975099086761,0.4558461904525757,0.3319549262523651,0.21772639453411102,0.3917357623577118,0.44325464963912964,0.01152415107935667,0.36878836154937744,0.2745365798473358,0.12475407123565674,0.383217453956604,0.3122720718383789,0.20950253307819366,0.4038124978542328,0.3893321752548218,0.24217118322849274,0.3308994770050049,0.48787760734558105,0.03115195408463478,0.3072513937950134,0.348933607339859,0.10822688043117523,0.3207833170890808,0.37217170000076294,0.17823882400989532,0.3447268605232239,0.4288545250892639,0.22009451687335968,10
F://Riad Sample//Sign 10//Input Images//Sign 10 - Sample (66).jpg,0.4516274929046631,0.7813962697982788,-9.890815272228792e-05,0.5994269251823425,0.7321665287017822,0.027225293219089508,0.6853135824203491,0.6450153589248657,0.027190938591957092,0.7653875350952148,0.5620278716087341,0.03686947003006935,0.8261597752571106,0.4987444281578064,0.05088970065116882,0.5447544455528259,0.4322766363620758,-0.051989540457725525,0.5087030529975891,0.24818918108940125,0.024985497817397118,0.5180628895759583,0.2668447494506836,0.11481673270463943,0.5316797494888306,0.3300623297691345,0.17553336918354034,0.45731228590011597,0.4327390193939209,-0.03357406705617905,0.4254668951034546,0.24174286425113678,0.04707413166761398,0.4339706301689148,0.2630777060985565,0.13676652312278748,0.4437476396560669,0.32488638162612915,0.19044944643974304,0.38265347480773926,0.4616186320781708,-0.006070048548281193,0.35940346121788025,0.2911149263381958,0.07210318744182587,0.37278109788894653,0.31208762526512146,0.15424081683158875,0.3883344531059265,0.3695816397666931,0.19634421169757843,0.32449883222579956,0.5077531337738037,0.028667787089943886,0.3059668242931366,0.35903236269950867,0.0876983255147934,0.3164413571357727,0.36373206973075867,0.14894238114356995,0.33420753479003906,0.40848448872566223,0.1971525251865387,10
F://Riad Sample//Sign 10//Input Images//Sign 10 - Sample (67).jpg,0.44533777236938477,0.7761615514755249,-0.0002525642921682447,0.5957878232002258,0.7211114764213562,0.03807621821761131,0.6910150647163391,0.6345736384391785,0.049113597720861435,0.7742981314659119,0.5496225357055664,0.06903493404388428,0.8286046385765076,0.48842954635620117,0.10361067950725555,0.5481886267662048,0.41164183616638184,-0.016802722588181496,0.5126237273216248,0.23730537295341492,0.07463753968477249,0.5213601589202881,0.26764151453971863,0.14679279923439026,0.5384249687194824,0.331661581993103,0.19319334626197815,0.4613749384880066,0.4175909757614136,-0.006396734621375799,0.43241727352142334,0.22246405482292175,0.09160158038139343,0.44611096382141113,0.25059422850608826,0.16646216809749603,0.4645678997039795,0.329974502325058,0.19774740934371948,0.38592037558555603,0.4506138265132904,0.014300361275672913,0.36574795842170715,0.27873313426971436,0.10965434461832047,0.3833041787147522,0.30954188108444214,0.1944446563720703,0.4025682806968689,0.38319525122642517,0.23563554883003235,0.32581257820129395,0.5014252066612244,0.04049369692802429,0.29841315746307373,0.35487663745880127,0.10410577058792114,0.31523415446281433,0.3672448396682739,0.17119760811328888,0.3410044014453888,0.4198670983314514,0.21994136273860931,10
F://Riad Sample//Sign 10//Input Images//Sign 10 - Sample (68).jpg,0.43817782402038574,0.7882347702980042,-0.0002482633863110095,0.5902590155601501,0.7318487763404846,0.03226010873913765,0.6826823949813843,0.6395795345306396,0.04091060534119606,0.7633389234542847,0.5473572611808777,0.059490714222192764,0.8195030093193054,0.48167163133621216,0.09265845268964767,0.5465472340583801,0.4216131865978241,-0.03771815821528435,0.5076617002487183,0.237232506275177,0.05878542363643646,0.5171699523925781,0.2673792541027069,0.14896628260612488,0.5328604578971863,0.33184513449668884,0.20660635828971863,0.4601428806781769,0.42737793922424316,-0.021423717960715294,0.4325149953365326,0.231146439909935,0.0768161416053772,0.4475861191749573,0.25843340158462524,0.1627303510904312,0.4653542935848236,0.3312658667564392,0.20352093875408173,0.3836791515350342,0.4574366807937622,0.006440346594899893,0.3678458034992218,0.2810341715812683,0.09773387759923935,0.3851739764213562,0.30765196681022644,0.1952456831932068,0.4021654427051544,0.3746125400066376,0.2471674680709839,0.322160542011261,0.5040949583053589,0.03955001384019852,0.3046290874481201,0.3513113260269165,0.10202483087778091,0.32220762968063354,0.3611106276512146,0.17535817623138428,0.34541893005371094,0.41070353984832764,0.23260356485843658,10
F://Riad Sample//Sign 10//Input Images//Sign 10 - Sample (69).jpg,0.4419616460800171,0.7719904780387878,-0.00025468002422712743,0.5899999141693115,0.7191712856292725,0.04125261306762695,0.6859453916549683,0.6304216384887695,0.05401889607310295,0.7708244323730469,0.5452803373336792,0.07663892954587936,0.8253505229949951,0.4817672371864319,0.11288163810968399,0.5483283996582031,0.41680270433425903,-0.025378668680787086,0.5108453035354614,0.2337026298046112,0.059360526502132416,0.5172001123428345,0.25101539492607117,0.12995581328868866,0.5347113013267517,0.31030160188674927,0.17776072025299072,0.46013420820236206,0.42344141006469727,-0.013732013292610645,0.42935147881507874,0.21996940672397614,0.08792107552289963,0.4403877556324005,0.24185770750045776,0.1720571517944336,0.4596056342124939,0.31865236163139343,0.21004828810691833,0.3833281993865967,0.4561030864715576,0.009116748347878456,0.36392199993133545,0.27983489632606506,0.10770735144615173,0.3794063627719879,0.3073701560497284,0.20042245090007782,0.3993339538574219,0.3788110315799713,0.24469740688800812,0.3228082060813904,0.5050045847892761,0.03841407969594002,0.2971673011779785,0.35608619451522827,0.10319819301366806,0.3113406300544739,0.36253491044044495,0.17608670890331268,0.3368297219276428,0.4091525077819824,0.228830486536026,10
F://Riad Sample//Sign 10//Input Images//Sign 10 - Sample (70).jpg,0.44409751892089844,0.773776650428772,-0.0002756729954853654,0.5898569226264954,0.7257891297340393,0.04076283425092697,0.6874760985374451,0.632450520992279,0.049698613584041595,0.7714552879333496,0.5479264855384827,0.06798502057790756,0.8304829597473145,0.48485738039016724,0.09501909464597702,0.5498680472373962,0.4248102903366089,-0.046078797429800034,0.5108429789543152,0.23138776421546936,0.03077884577214718,0.5163604617118835,0.24320799112319946,0.09847884625196457,0.5320655107498169,0.3033880293369293,0.14434197545051575,0.4624568521976471,0.4301367700099945,-0.03531946241855621,0.43024304509162903,0.22091323137283325,0.06727779656648636,0.43915247917175293,0.24659112095832825,0.1559147834777832,0.45658034086227417,0.325935959815979,0.1928965002298355,0.3859424591064453,0.4619178771972656,-0.013307745568454266,0.365786612033844,0.28035321831703186,0.08611682802438736,0.3779933452606201,0.31010204553604126,0.17303839325904846,0.39605623483657837,0.38082608580589294,0.2083291858434677,0.3269207775592804,0.5088898539543152,0.017319757491350174,0.30155134201049805,0.3583621680736542,0.08339766412973404,0.31051212549209595,0.37005850672721863,0.15123356878757477,0.3319140374660492,0.41871094703674316,0.196121484041214,10
F://Riad Sample//Sign 10//Input Images//Sign 10 - Sample (71).jpg,0.2888971269130707,0.7803098559379578,-5.457320366986096e-05,0.3973953425884247,0.775190532207489,-0.04822712019085884,0.481108695268631,0.7118649482727051,-0.08835804462432861,0.5486339330673218,0.645264744758606,-0.10559053719043732,0.607412576675415,0.5852941274642944,-0.10621210932731628,0.39141514897346497,0.5620858669281006,-0.19812293350696564,0.3859178423881531,0.37620848417282104,-0.19458848237991333,0.4132944941520691,0.34564894437789917,-0.12784512341022491,0.4279399514198303,0.37001198530197144,-0.06726978719234467,0.320158988237381,0.5457419157028198,-0.15879303216934204,0.32003551721572876,0.3412356376647949,-0.1626712828874588,0.35404565930366516,0.31742921471595764,-0.0875217467546463,0.3689327836036682,0.3477134704589844,-0.025835201144218445,0.2606186866760254,0.5467029809951782,-0.11599887162446976,0.2643771171569824,0.37437769770622253,-0.10897946357727051,0.2945958077907562,0.352164089679718,-0.03972235694527626,0.3104582726955414,0.37084048986434937,0.015224787406623363,0.21828216314315796,0.5598521828651428,-0.06914100050926208,0.22139792144298553,0.42804664373397827,-0.05761244520545006,0.23933543264865875,0.4008585810661316,-0.018700428307056427,0.25197142362594604,0.40576303005218506,0.024758830666542053,10
F://Riad Sample//Sign 10//Input Images//Sign 10 - Sample (72).jpg,0.2804214656352997,0.7702815532684326,-5.98503029323183e-05,0.3893462121486664,0.7635120153427124,-0.03826130926609039,0.47322800755500793,0.6988989114761353,-0.07120528817176819,0.5425214171409607,0.6319891810417175,-0.08299534767866135,0.5984122157096863,0.5731335878372192,-0.07982873171567917,0.38231757283210754,0.5381208062171936,-0.17056481540203094,0.3825368583202362,0.3545159101486206,-0.15702028572559357,0.4100075662136078,0.331592321395874,-0.0896357074379921,0.4230325222015381,0.36362966895103455,-0.026915596798062325,0.3120846152305603,0.5244233012199402,-0.13361546397209167,0.3135659694671631,0.3255811333656311,-0.1275700330734253,0.3437081277370453,0.3040974736213684,-0.0528988316655159,0.35604146122932434,0.33690956234931946,0.007417959161102772,0.2533738613128662,0.5287215113639832,-0.09249623864889145,0.25722917914390564,0.36104828119277954,-0.07766008377075195,0.2860448360443115,0.34133198857307434,-0.0058642663061618805,0.30147111415863037,0.3643783628940582,0.050627171993255615,0.21120187640190125,0.5455905795097351,-0.04739722982048988,0.2114536315202713,0.4162469506263733,-0.027064336463809013,0.2300395518541336,0.39276131987571716,0.016908759251236916,0.245536208152771,0.40195074677467346,0.06602936238050461,10
F://Riad Sample//Sign 10//Input Images//Sign 10 - Sample (73).jpg,0.2715049684047699,0.7768824100494385,-9.833878721110523e-05,0.38433367013931274,0.7677040100097656,-0.03634730353951454,0.4699667692184448,0.6977689266204834,-0.06908378005027771,0.5411215424537659,0.625217080116272,-0.08025920391082764,0.5952320098876953,0.5636817812919617,-0.07419987767934799,0.37764430046081543,0.5415381789207458,-0.17713230848312378,0.3750963807106018,0.35064080357551575,-0.16378599405288696,0.40288490056991577,0.32714754343032837,-0.09614356607198715,0.41682299971580505,0.36019468307495117,-0.03278898447751999,0.30804336071014404,0.5264508128166199,-0.14051124453544617,0.30939817428588867,0.3178707957267761,-0.13454608619213104,0.3407559394836426,0.30227452516555786,-0.056376632302999496,0.35422763228416443,0.34228456020355225,0.006693909876048565,0.24915623664855957,0.5282473564147949,-0.0995505303144455,0.2548665404319763,0.3510998487472534,-0.08562470972537994,0.2864791452884674,0.3363863229751587,-0.004105647560209036,0.303641676902771,0.3651515245437622,0.05934973806142807,0.20628902316093445,0.5421110391616821,-0.05367042124271393,0.20650187134742737,0.40404048562049866,-0.03508094325661659,0.22955796122550964,0.3828185498714447,0.016045233234763145,0.24876582622528076,0.39664167165756226,0.07170689851045609,10
F://Riad Sample//Sign 10//Input Images//Sign 10 - Sample (74).jpg,0.27125290036201477,0.7729910612106323,-8.082685235422105e-05,0.3828895390033722,0.7663708925247192,-0.03453102335333824,0.4686015248298645,0.6989166736602783,-0.06438897550106049,0.5393878221511841,0.6278427839279175,-0.07240942120552063,0.5927385687828064,0.5666302442550659,-0.06313543021678925,0.37890905141830444,0.5376207828521729,-0.16878081858158112,0.37729522585868835,0.3524366617202759,-0.15168744325637817,0.40221214294433594,0.3265311121940613,-0.08183759450912476,0.414692759513855,0.35637733340263367,-0.018354056403040886,0.3080887794494629,0.5228040218353271,-0.13018669188022614,0.30810874700546265,0.319621741771698,-0.11966611444950104,0.33813536167144775,0.29938650131225586,-0.039878927171230316,0.3523632287979126,0.3336288332939148,0.02429637312889099,0.2482272982597351,0.5262548923492432,-0.08690890669822693,0.25180715322494507,0.3553006947040558,-0.06798053532838821,0.2813895642757416,0.3373786211013794,0.00805845856666565,0.298042893409729,0.36162590980529785,0.06784098595380783,0.20512834191322327,0.5422691106796265,-0.03942682594060898,0.2054346203804016,0.4111626446247101,-0.0195451769977808,0.2242811769247055,0.3857946991920471,0.024557381868362427,0.240256667137146,0.3926466703414917,0.07361770421266556,10
F://Riad Sample//Sign 10//Input Images//Sign 10 - Sample (75).jpg,0.2698715329170227,0.7691895961761475,-8.19280612631701e-05,0.38118112087249756,0.7597306966781616,-0.034777697175741196,0.46660473942756653,0.6925888657569885,-0.06702014803886414,0.5372855067253113,0.624845564365387,-0.07753835618495941,0.5912479162216187,0.5667737722396851,-0.07022987306118011,0.36997509002685547,0.5386914014816284,-0.17731544375419617,0.36937445402145386,0.3507838249206543,-0.16654513776302338,0.4002421200275421,0.3287234902381897,-0.10168536752462387,0.41417285799980164,0.361689031124115,-0.042973488569259644,0.2999657988548279,0.5224968791007996,-0.14207418262958527,0.30506953597068787,0.31542444229125977,-0.1349387913942337,0.3413425385951996,0.30054140090942383,-0.05951393395662308,0.355373740196228,0.34174981713294983,0.0012357443338260055,0.2419290393590927,0.5236735939979553,-0.10258016735315323,0.25103262066841125,0.34862464666366577,-0.08565197139978409,0.288049578666687,0.3414185643196106,-0.005238321144133806,0.305418998003006,0.3774121403694153,0.056711554527282715,0.2001354992389679,0.5380796194076538,-0.05826384201645851,0.20403310656547546,0.39769187569618225,-0.033982712775468826,0.23121900856494904,0.3820396661758423,0.019822077825665474,0.25034910440444946,0.40411967039108276,0.07635760307312012,10
F://Riad Sample//Sign 10//Input Images//Sign 10 - Sample (76).jpg,0.25864341855049133,0.7690197825431824,-8.594386599725112e-05,0.3715903162956238,0.758785605430603,-0.045326489955186844,0.4583582878112793,0.689828634262085,-0.08205436915159225,0.5292794108390808,0.6208903789520264,-0.09639924764633179,0.5825712084770203,0.5579884052276611,-0.09149780869483948,0.36220452189445496,0.5352085828781128,-0.19374904036521912,0.3621479272842407,0.3421883285045624,-0.1855006366968155,0.3946770429611206,0.3187894821166992,-0.11706826835870743,0.4104468822479248,0.351742148399353,-0.053601719439029694,0.2898809015750885,0.5223094820976257,-0.15421654284000397,0.29310929775238037,0.31143659353256226,-0.15313756465911865,0.32941433787345886,0.2917430102825165,-0.0798831358551979,0.34504714608192444,0.3283262252807617,-0.02099335379898548,0.23046864569187164,0.5259965658187866,-0.1110302060842514,0.23792411386966705,0.347989022731781,-0.10051723569631577,0.2736506760120392,0.32871508598327637,-0.026016974821686745,0.292818158864975,0.35487478971481323,0.03158438950777054,0.18880319595336914,0.5412918329238892,-0.06301882863044739,0.19027867913246155,0.4012210965156555,-0.04527195170521736,0.2139502465724945,0.37631696462631226,5.533021248993464e-05,0.23290103673934937,0.3867419958114624,0.050468068569898605,10
F://Riad Sample//Sign 10//Input Images//Sign 10 - Sample (77).jpg,0.2505611777305603,0.7577201128005981,-9.68335079960525e-05,0.36682596802711487,0.7498112916946411,-0.03358934074640274,0.45467081665992737,0.6814475655555725,-0.06798898428678513,0.5257910490036011,0.6099279522895813,-0.08164457976818085,0.5779334306716919,0.5477021336555481,-0.0750315934419632,0.3568892776966095,0.531508207321167,-0.17940539121627808,0.3560636043548584,0.33962482213974,-0.1725478172302246,0.38449469208717346,0.3130722641944885,-0.11112953722476959,0.39806514978408813,0.3425169587135315,-0.052663397043943405,0.28775206208229065,0.5138850212097168,-0.14757710695266724,0.2924221158027649,0.30121946334838867,-0.14637461304664612,0.3266220986843109,0.2849745750427246,-0.07357417792081833,0.34029531478881836,0.3267851173877716,-0.012698071077466011,0.2285320907831192,0.512726902961731,-0.1117343083024025,0.23792648315429688,0.33194971084594727,-0.0983760729432106,0.27275726199150085,0.3220968246459961,-0.01763853430747986,0.28932785987854004,0.35927096009254456,0.0455656461417675,0.18434171378612518,0.5238452553749084,-0.0713389590382576,0.18511830270290375,0.3777189254760742,-0.052712440490722656,0.2109932154417038,0.35885369777679443,-0.0006870774086564779,0.23112131655216217,0.3809419274330139,0.05605284869670868,10
F://Riad Sample//Sign 10//Input Images//Sign 10 - Sample (78).jpg,0.24346521496772766,0.7533489465713501,-5.3967160056345165e-05,0.35530659556388855,0.7450896501541138,-0.04238233342766762,0.4403684139251709,0.6762707829475403,-0.07885774224996567,0.5110178589820862,0.6069849729537964,-0.09272242337465286,0.5694112181663513,0.5455804467201233,-0.09143425524234772,0.34914398193359375,0.5274140238761902,-0.19367344677448273,0.3432276248931885,0.3362981975078583,-0.18642960488796234,0.3713776767253876,0.30897778272628784,-0.1161058247089386,0.3859764635562897,0.33686721324920654,-0.052792929112911224,0.2766605317592621,0.5116806030273438,-0.15618084371089935,0.27799052000045776,0.29946911334991455,-0.15643638372421265,0.313640296459198,0.28031712770462036,-0.07782281935214996,0.3277777433395386,0.31624382734298706,-0.013713322579860687,0.21563008427619934,0.5121955275535583,-0.11477763205766678,0.22201597690582275,0.33260926604270935,-0.10518207401037216,0.25565582513809204,0.31463921070098877,-0.028353355824947357,0.2715110778808594,0.33982759714126587,0.032059963792562485,0.17124588787555695,0.5254420638084412,-0.0687800869345665,0.1762612909078598,0.3870532214641571,-0.05243462696671486,0.19920197129249573,0.3646743893623352,-0.004908726550638676,0.21460874378681183,0.3765050172805786,0.04593829810619354,10
F://Riad Sample//Sign 10//Input Images//Sign 10 - Sample (79).jpg,0.23302645981311798,0.7531790733337402,-0.00010592284525046125,0.34953808784484863,0.745801568031311,-0.03647223860025406,0.4385114908218384,0.6755707263946533,-0.07181434333324432,0.5105182528495789,0.6013784408569336,-0.084334596991539,0.5648988485336304,0.5379795432090759,-0.07874780893325806,0.34126946330070496,0.520248532295227,-0.1843147873878479,0.3391004800796509,0.32462266087532043,-0.17124974727630615,0.3702520728111267,0.2994074821472168,-0.10198371112346649,0.38507598638534546,0.33033478260040283,-0.03765330836176872,0.2709878087043762,0.5045947432518005,-0.148487851023674,0.2752162218093872,0.2912878692150116,-0.14063316583633423,0.3117673397064209,0.2760816216468811,-0.062324851751327515,0.32674843072891235,0.31671756505966187,5.1117818657075986e-05,0.21117840707302094,0.5049988031387329,-0.10768966376781464,0.22061344981193542,0.32449471950531006,-0.09050954878330231,0.25612908601760864,0.31295984983444214,-0.007463647518306971,0.2735872268676758,0.34520891308784485,0.056391164660453796,0.16682077944278717,0.5170737504959106,-0.062155693769454956,0.1703001707792282,0.37396496534347534,-0.04001842066645622,0.19606232643127441,0.3560129404067993,0.013538953848183155,0.21508599817752838,0.3737714886665344,0.0707685649394989,10
F://Riad Sample//Sign 10//Input Images//Sign 10 - Sample (80).jpg,0.2973019778728485,0.7176070213317871,-0.0001231383066624403,0.4093860685825348,0.6566750407218933,-0.011091731488704681,0.47800296545028687,0.5556231737136841,-0.027211660519242287,0.5345534682273865,0.4631052017211914,-0.026454174891114235,0.5712704658508301,0.39096757769584656,-0.009418158791959286,0.3458668887615204,0.43894633650779724,-0.13221581280231476,0.3087834417819977,0.2580508589744568,-0.11109166592359543,0.33346351981163025,0.23025667667388916,-0.05051431059837341,0.35390567779541016,0.26551228761672974,0.0005511374911293387,0.2800498604774475,0.4498744606971741,-0.10291946679353714,0.2445341795682907,0.25231504440307617,-0.07702355831861496,0.2753300368785858,0.23728004097938538,0.0032018558122217655,0.2966480255126953,0.2849814295768738,0.06121208891272545,0.22825263440608978,0.4730619490146637,-0.06586834043264389,0.20109842717647552,0.30597448348999023,-0.03701481968164444,0.23465406894683838,0.29612910747528076,0.047467343509197235,0.2564523220062256,0.3353075087070465,0.10850480943918228,0.19260677695274353,0.5028788447380066,-0.023158134892582893,0.1666526198387146,0.36781540513038635,0.0077525544911623,0.19202615320682526,0.349112331867218,0.06729241460561752,0.21696121990680695,0.3738856911659241,0.12453992664813995,10
F://Riad Sample//Sign 10//Input Images//Sign 10 - Sample (81).jpg,0.2961956262588501,0.7299817800521851,-0.00014472828479483724,0.408929705619812,0.6667702198028564,-0.014211020432412624,0.47615835070610046,0.5604954361915588,-0.02833777852356434,0.5320688486099243,0.4624534547328949,-0.02454906702041626,0.5693249106407166,0.38930848240852356,-0.003938394598662853,0.33685100078582764,0.43450024724006653,-0.11610212922096252,0.3055736720561981,0.2530638575553894,-0.08744942396879196,0.33739572763442993,0.23080435395240784,-0.02547975443303585,0.35922208428382874,0.26684582233428955,0.02664935775101185,0.27274227142333984,0.4465634822845459,-0.08113284409046173,0.24248678982257843,0.25078463554382324,-0.045133840292692184,0.2815227210521698,0.23911701142787933,0.03365090861916542,0.30655840039253235,0.2882237434387207,0.08905307203531265,0.22360947728157043,0.47515636682510376,-0.03922354429960251,0.19741442799568176,0.31090906262397766,-0.004818555898964405,0.23676544427871704,0.299975723028183,0.07732097804546356,0.26189497113227844,0.3390945494174957,0.13634328544139862,0.1914995014667511,0.5114103555679321,0.009267856366932392,0.161285400390625,0.3812384009361267,0.04747917130589485,0.18909460306167603,0.36013880372047424,0.10884670168161392,0.21649229526519775,0.3830821216106415,0.16711582243442535,10
F://Riad Sample//Sign 10//Input Images//Sign 10 - Sample (82).jpg,0.29738640785217285,0.7264150381088257,-0.0001381782494718209,0.41162610054016113,0.6632159352302551,-0.01907189190387726,0.47805821895599365,0.5596784353256226,-0.03662249073386192,0.5328161120414734,0.4638337194919586,-0.034583598375320435,0.569661557674408,0.3902958929538727,-0.012502538040280342,0.33803263306617737,0.4412531852722168,-0.136562779545784,0.30277830362319946,0.2567394971847534,-0.11257800459861755,0.3348630666732788,0.23259006440639496,-0.05102870240807533,0.3593876361846924,0.2687850892543793,0.0014453105395659804,0.2728852927684784,0.4522818326950073,-0.10044324398040771,0.2406405508518219,0.2520187497138977,-0.07242592424154282,0.27987831830978394,0.23762360215187073,0.006513455882668495,0.30655574798583984,0.28774288296699524,0.0628284364938736,0.22373417019844055,0.47865474224090576,-0.05730636417865753,0.19743037223815918,0.309775173664093,-0.02856711484491825,0.23714378476142883,0.29887181520462036,0.05716357007622719,0.2632560729980469,0.340191125869751,0.11910609155893326,0.19204488396644592,0.5125346183776855,-0.00818502064794302,0.1631534993648529,0.3780355453491211,0.023760078474879265,0.1923726350069046,0.3584471642971039,0.08466024696826935,0.221011221408844,0.38458022475242615,0.143086239695549,10
F://Riad Sample//Sign 10//Input Images//Sign 10 - Sample (83).jpg,0.29863762855529785,0.7263860106468201,-0.00012095079728169367,0.408795028924942,0.6652870178222656,-0.022148609161376953,0.4760105013847351,0.5622411370277405,-0.042576007544994354,0.531456708908081,0.4676123261451721,-0.04284759610891342,0.5668506622314453,0.3949485421180725,-0.024848558008670807,0.3322349786758423,0.44032198190689087,-0.14121291041374207,0.30075281858444214,0.258279949426651,-0.1172284409403801,0.33501869440078735,0.23430031538009644,-0.05460451915860176,0.359159380197525,0.27038100361824036,-0.0025559552013874054,0.2681000828742981,0.45190560817718506,-0.10519253462553024,0.23974594473838806,0.25499993562698364,-0.07609111815690994,0.2802750766277313,0.2404787391424179,0.0007522710366174579,0.3060241639614105,0.28847017884254456,0.05440288782119751,0.2202058583498001,0.4767843782901764,-0.06177346408367157,0.19746780395507812,0.3111707866191864,-0.031310126185417175,0.23830589652061462,0.30138084292411804,0.049532029777765274,0.2638217508792877,0.3420209586620331,0.10752139240503311,0.18935194611549377,0.5082173347473145,-0.012268433347344398,0.16164642572402954,0.37339866161346436,0.023411188274621964,0.19157765805721283,0.3553689122200012,0.08311451971530914,0.22031843662261963,0.381644070148468,0.14016705751419067,10
F://Riad Sample//Sign 10//Input Images//Sign 10 - Sample (84).jpg,0.295864075422287,0.7322566509246826,-0.00016645510913804173,0.4113036096096039,0.6686326861381531,-0.029303699731826782,0.4787895083427429,0.5623238682746887,-0.05747799947857857,0.5342783331871033,0.46565309166908264,-0.06404850631952286,0.5704785585403442,0.39325693249702454,-0.05093223229050636,0.3392581343650818,0.4594792127609253,-0.17157191038131714,0.3034377992153168,0.2645956873893738,-0.15878519415855408,0.33865058422088623,0.23503704369068146,-0.09892043471336365,0.3634642958641052,0.2689970135688782,-0.04498877003788948,0.27251383662223816,0.46955063939094543,-0.1344563513994217,0.24124035239219666,0.25593501329421997,-0.11807167530059814,0.28682655096054077,0.23977771401405334,-0.04064309969544411,0.3158773183822632,0.29125452041625977,0.014549358747899532,0.2227773666381836,0.4930571913719177,-0.09090360254049301,0.19760900735855103,0.3108130097389221,-0.07070473581552505,0.24474605917930603,0.2985941171646118,0.018540747463703156,0.2734401226043701,0.34067389369010925,0.0823565423488617,0.19203613698482513,0.5226522088050842,-0.041624508798122406,0.16471488773822784,0.37652602791786194,-0.013620194979012012,0.20015455782413483,0.35685595870018005,0.04965546354651451,0.2314242720603943,0.38250043988227844,0.10960259288549423,10
F://Riad Sample//Sign 10//Input Images//Sign 10 - Sample (85).jpg,0.30524778366088867,0.7388635873794556,-0.00014099352119956166,0.4178486466407776,0.6788543462753296,-0.018753433600068092,0.48375728726387024,0.575056791305542,-0.0380551815032959,0.5383602380752563,0.47582730650901794,-0.038214609026908875,0.5743285417556763,0.3999668061733246,-0.020275790244340897,0.34910959005355835,0.45628395676612854,-0.13656306266784668,0.3146511912345886,0.27385038137435913,-0.11379525810480118,0.3444334864616394,0.24632278084754944,-0.052881576120853424,0.36560678482055664,0.27823418378829956,-0.0005587065825238824,0.28383868932724,0.46542999148368835,-0.10104116052389145,0.25188106298446655,0.2664596736431122,-0.07367890328168869,0.29245543479919434,0.2515776455402374,0.004496439825743437,0.3182370364665985,0.2982935607433319,0.06189059093594551,0.23319566249847412,0.4897547662258148,-0.05843883752822876,0.2089434117078781,0.3225257992744446,-0.03013795055449009,0.24974089860916138,0.3118029832839966,0.05603567510843277,0.27445802092552185,0.3512212336063385,0.11984821408987045,0.2002238929271698,0.5218638181686401,-0.009951724670827389,0.17250901460647583,0.3887025713920593,0.019796032458543777,0.20124977827072144,0.36960792541503906,0.08045990020036697,0.22872808575630188,0.39439910650253296,0.14091235399246216,10
F://Riad Sample//Sign 10//Input Images//Sign 10 - Sample (86).jpg,0.44207245111465454,0.5851672291755676,-6.585400842595845e-05,0.5551566481590271,0.5830009579658508,-0.040790509432554245,0.6421611309051514,0.5247306823730469,-0.07915659993886948,0.7146182060241699,0.4623602330684662,-0.09608054906129837,0.7677327990531921,0.397238552570343,-0.09651582688093185,0.551844596862793,0.3692815899848938,-0.18884281814098358,0.5655657052993774,0.18719616532325745,-0.18224957585334778,0.5975550413131714,0.16534586250782013,-0.11667786538600922,0.6086720824241638,0.19767910242080688,-0.05856889858841896,0.48434802889823914,0.3461587429046631,-0.1517052799463272,0.5031819343566895,0.14645059406757355,-0.1440759301185608,0.5403556823730469,0.1335921287536621,-0.06257573515176773,0.551000714302063,0.169875368475914,0.0015856086974963546,0.42919525504112244,0.341828316450119,-0.10771740227937698,0.44854456186294556,0.17310190200805664,-0.0924997553229332,0.4833914637565613,0.16775256395339966,-0.014047479256987572,0.49627867341041565,0.19809255003929138,0.04609694704413414,0.39010900259017944,0.35074761509895325,-0.06048429757356644,0.40574970841407776,0.21674439311027527,-0.03741725534200668,0.43101489543914795,0.20594005286693573,0.014451439492404461,0.44421589374542236,0.22669251263141632,0.06656358391046524,10
F://Riad Sample//Sign 10//Input Images//Sign 10 - Sample (87).jpg,0.4432910680770874,0.5909465551376343,-6.0479149396996945e-05,0.5536119341850281,0.5878885984420776,-0.033744391053915024,0.6405460834503174,0.530798077583313,-0.06741400063037872,0.7132923603057861,0.46980512142181396,-0.08249733597040176,0.7667680978775024,0.40745148062705994,-0.08051714301109314,0.5538744926452637,0.374870240688324,-0.17117652297019958,0.5678292512893677,0.19727614521980286,-0.16385287046432495,0.5982914566993713,0.17075404524803162,-0.10115526616573334,0.6094084978103638,0.1980302333831787,-0.04692044481635094,0.4862164556980133,0.3512779772281647,-0.1366979330778122,0.5045677423477173,0.15558378398418427,-0.1282457709312439,0.5405550599098206,0.13564687967300415,-0.04692499339580536,0.5513841509819031,0.16687051951885223,0.016851261258125305,0.4295850992202759,0.34796470403671265,-0.09626098722219467,0.4465731978416443,0.1823977828025818,-0.0808769091963768,0.479314386844635,0.1675414741039276,-0.006921371445059776,0.4927045702934265,0.1900886595249176,0.050011951476335526,0.3895500898361206,0.35858649015426636,-0.05204997584223747,0.40313053131103516,0.2272823452949524,-0.029819050803780556,0.42563095688819885,0.20608177781105042,0.017224330455064774,0.43866974115371704,0.21829596161842346,0.06380081921815872,10
F://Riad Sample//Sign 10//Input Images//Sign 10 - Sample (88).jpg,0.44210532307624817,0.5863826274871826,-6.956460856599733e-05,0.5528419017791748,0.5818501710891724,-0.037971287965774536,0.637733519077301,0.525934100151062,-0.0731971338391304,0.7083765268325806,0.46600234508514404,-0.08854895830154419,0.7602251768112183,0.4031871557235718,-0.08673933148384094,0.5472953915596008,0.362684428691864,-0.1759098768234253,0.5619297623634338,0.188506618142128,-0.16792617738246918,0.5931576490402222,0.17020009458065033,-0.10654023289680481,0.6029365062713623,0.20612001419067383,-0.05449425056576729,0.4799093008041382,0.34064018726348877,-0.139412984251976,0.5017161965370178,0.14171059429645538,-0.12755154073238373,0.5399607419967651,0.1398819088935852,-0.04655303433537483,0.5517128109931946,0.18667709827423096,0.017501771450042725,0.4247836768627167,0.33887654542922974,-0.09703553467988968,0.44604653120040894,0.16963915526866913,-0.07696797698736191,0.4824039936065674,0.17633937299251556,0.0020852377638220787,0.49666541814804077,0.21656709909439087,0.06201992556452751,0.38617074489593506,0.35093018412590027,-0.05149836093187332,0.4023873209953308,0.2155187726020813,-0.024012476205825806,0.42884424328804016,0.20954406261444092,0.029218638315796852,0.44347888231277466,0.23658031225204468,0.0815616175532341,10
F://Riad Sample//Sign 10//Input Images//Sign 10 - Sample (89).jpg,0.4418901205062866,0.5949047803878784,-6.040257358108647e-05,0.5520632863044739,0.5872799754142761,-0.028838785365223885,0.6394027471542358,0.5304471254348755,-0.061812449246644974,0.7111618518829346,0.4701889753341675,-0.07714283466339111,0.7670437693595886,0.40933936834335327,-0.07680535316467285,0.5488657355308533,0.3717727065086365,-0.16135179996490479,0.5600450038909912,0.1973946988582611,-0.1534530371427536,0.5919055938720703,0.17235814034938812,-0.09448416531085968,0.6039676070213318,0.19991707801818848,-0.04450320079922676,0.4809827208518982,0.3497059643268585,-0.1288582980632782,0.4989956021308899,0.1512303650379181,-0.1178918406367302,0.5390085577964783,0.134766086935997,-0.03496335819363594,0.5527579188346863,0.16858433187007904,0.030768122524023056,0.4252488613128662,0.34744569659233093,-0.08914628624916077,0.44159793853759766,0.17871534824371338,-0.06736110895872116,0.47915974259376526,0.1721390336751938,0.011737070046365261,0.49583733081817627,0.20028677582740784,0.0731429010629654,0.38674139976501465,0.35854917764663696,-0.04612969979643822,0.4023943841457367,0.2248048484325409,-0.014787895604968071,0.42890089750289917,0.21144239604473114,0.04034248739480972,0.44365453720092773,0.2302546501159668,0.0923846960067749,10
F://Riad Sample//Sign 10//Input Images//Sign 10 - Sample (90).jpg,0.44021034240722656,0.5926663279533386,-9.730175952427089e-05,0.5540903210639954,0.5862202048301697,-0.045523446053266525,0.6410129070281982,0.5292361974716187,-0.08706014603376389,0.7121436595916748,0.4682984948158264,-0.10621350258588791,0.7619748711585999,0.4030761420726776,-0.10566999763250351,0.5461142659187317,0.3722706139087677,-0.19982129335403442,0.5596372485160828,0.1925026774406433,-0.19494126737117767,0.5940026044845581,0.17497295141220093,-0.1276387870311737,0.6054186224937439,0.21072418987751007,-0.07025446742773056,0.4784194827079773,0.34968119859695435,-0.15973705053329468,0.4977788031101227,0.1467883586883545,-0.1517215371131897,0.5383431315422058,0.14304937422275543,-0.06562265008687973,0.55043625831604,0.1879156231880188,0.0026943327393382788,0.4228748679161072,0.34670957922935486,-0.1134045198559761,0.4404177665710449,0.1750330775976181,-0.09377589076757431,0.4794742166996002,0.17941735684871674,-0.00923764519393444,0.4951702356338501,0.2177472710609436,0.054189037531614304,0.38434141874313354,0.35716700553894043,-0.0644555538892746,0.39963212609291077,0.2217325121164322,-0.039427220821380615,0.4271681308746338,0.2143661081790924,0.01376399677246809,0.4422428607940674,0.24057312309741974,0.06629498302936554,10
F://Riad Sample//Sign 10//Input Images//Sign 10 - Sample (91).jpg,0.38963738083839417,0.7631970643997192,-8.223010081565008e-05,0.4966379404067993,0.7566565275192261,-0.040668848901987076,0.578640341758728,0.6914564967155457,-0.07513698190450668,0.647120475769043,0.622004508972168,-0.08881426602602005,0.6927356719970703,0.5553191304206848,-0.08278641104698181,0.48898303508758545,0.5424282550811768,-0.1722976267337799,0.4998483955860138,0.3615488111972809,-0.15848064422607422,0.5343164801597595,0.3437580168247223,-0.09354396909475327,0.5480301976203918,0.3775210976600647,-0.033296696841716766,0.42480888962745667,0.5250024199485779,-0.1352843940258026,0.43999427556991577,0.3246214985847473,-0.1269785761833191,0.47873175144195557,0.31343138217926025,-0.0556146577000618,0.49277299642562866,0.353636771440506,0.0015142838237807155,0.37168261408805847,0.52456134557724,-0.09426115453243256,0.3868558704853058,0.3561719059944153,-0.07979679852724075,0.424762487411499,0.34695979952812195,-0.007456165738403797,0.4422976076602936,0.37835946679115295,0.047753408551216125,0.33416813611984253,0.5364128351211548,-0.04861229285597801,0.3396284580230713,0.4029191732406616,-0.026452379301190376,0.36685457825660706,0.38561224937438965,0.02036968618631363,0.3856655955314636,0.40406957268714905,0.06910623610019684,10
F://Riad Sample//Sign 10//Input Images//Sign 10 - Sample (92).jpg,0.3884721100330353,0.7638167142868042,-7.889621338108554e-05,0.49667537212371826,0.7566623687744141,-0.0406397245824337,0.5793546438217163,0.6897677183151245,-0.07535741478204727,0.6478832960128784,0.6203676462173462,-0.08910346776247025,0.6938169002532959,0.554500162601471,-0.08381779491901398,0.48749005794525146,0.5470049977302551,-0.18013229966163635,0.4978015720844269,0.36374643445014954,-0.16565249860286713,0.5338505506515503,0.3444039225578308,-0.0965372696518898,0.5495088696479797,0.37719085812568665,-0.03402642533183098,0.4231492877006531,0.5298874378204346,-0.1421189308166504,0.4379580318927765,0.32784363627433777,-0.1331378072500229,0.47720569372177124,0.31483298540115356,-0.057198718190193176,0.4917696714401245,0.35338109731674194,0.002319333143532276,0.37021303176879883,0.5295560359954834,-0.09917494654655457,0.3847734332084656,0.35949718952178955,-0.08419275283813477,0.42255961894989014,0.3481847941875458,-0.010180805809795856,0.440217524766922,0.37678468227386475,0.04648115113377571,0.33283084630966187,0.5406786203384399,-0.05146876722574234,0.3379881978034973,0.40640732645988464,-0.028943276032805443,0.3648783564567566,0.38899362087249756,0.018487678840756416,0.38354039192199707,0.40566492080688477,0.06753714382648468,10
F://Riad Sample//Sign 10//Input Images//Sign 10 - Sample (93).jpg,0.3869102895259857,0.7607548236846924,-8.979094855021685e-05,0.49405771493911743,0.7547910213470459,-0.04411325603723526,0.5770919919013977,0.6898375749588013,-0.0798756554722786,0.6474186182022095,0.620945394039154,-0.09368650615215302,0.6951854228973389,0.5551719069480896,-0.08962537348270416,0.49152082204818726,0.5446653962135315,-0.18252705037593842,0.5031108856201172,0.36162495613098145,-0.17158204317092896,0.5343815088272095,0.34204238653182983,-0.10553058236837387,0.5461323857307434,0.3749881386756897,-0.04423041269183159,0.4263746738433838,0.5266052484512329,-0.14414528012275696,0.4426550567150116,0.3224298357963562,-0.13841655850410461,0.47973257303237915,0.31075918674468994,-0.06504117697477341,0.49229711294174194,0.3516422510147095,-0.006409613415598869,0.37195149064064026,0.5251244306564331,-0.10191313922405243,0.3885890543460846,0.3528282046318054,-0.09050659835338593,0.4247824549674988,0.34267252683639526,-0.017530420795083046,0.44055667519569397,0.3737156093120575,0.03838500380516052,0.3333686590194702,0.5359996557235718,-0.054881129413843155,0.3411347270011902,0.4009905457496643,-0.036532387137413025,0.36773189902305603,0.38279271125793457,0.00848790816962719,0.38538822531700134,0.3998793363571167,0.05584634467959404,10
F://Riad Sample//Sign 10//Input Images//Sign 10 - Sample (94).jpg,0.3887868821620941,0.7590945363044739,-9.316078649135306e-05,0.4967690408229828,0.7547825574874878,-0.036827340722084045,0.578926146030426,0.689375638961792,-0.06838419288396835,0.6479589343070984,0.6190496683120728,-0.07920975238084793,0.6934495568275452,0.5523115396499634,-0.07044443488121033,0.4952426850795746,0.5386894941329956,-0.16753309965133667,0.5073479413986206,0.3590441048145294,-0.14978259801864624,0.538260281085968,0.34038445353507996,-0.08118542283773422,0.5503240823745728,0.37345147132873535,-0.01806000992655754,0.4305714964866638,0.5213184356689453,-0.1293230801820755,0.4443531036376953,0.3233228921890259,-0.11931780725717545,0.478269100189209,0.3105047643184662,-0.044209204614162445,0.4904368817806244,0.34862011671066284,0.015311365015804768,0.37591633200645447,0.5201274156570435,-0.08673164993524551,0.39129838347435,0.3548849821090698,-0.07002625614404678,0.4245030879974365,0.3423236608505249,0.004148412495851517,0.44005101919174194,0.3697177469730377,0.06063035503029823,0.3367447257041931,0.5307949781417847,-0.039365340024232864,0.34327179193496704,0.4022432565689087,-0.018299508839845657,0.3665790557861328,0.38124653697013855,0.0269380584359169,0.38284727931022644,0.39385104179382324,0.07496819645166397,10
F://Riad Sample//Sign 10//Input Images//Sign 10 - Sample (95).jpg,0.388583779335022,0.7088565826416016,-0.00010650331387296319,0.4972010552883148,0.7363477945327759,-0.06642096489667892,0.5787489414215088,0.6961954832077026,-0.11380946636199951,0.6559993028640747,0.6701940298080444,-0.13578583300113678,0.7281187772750854,0.6548638343811035,-0.14859525859355927,0.5003412365913391,0.47382938861846924,-0.14866748452186584,0.5435712337493896,0.31412383913993835,-0.12396670877933502,0.5886760354042053,0.32365137338638306,-0.06504987925291061,0.6026649475097656,0.3657779395580292,-0.01209108717739582,0.4482882022857666,0.4485461413860321,-0.08991194516420364,0.49433019757270813,0.2825195789337158,-0.055355221033096313,0.53770512342453,0.2999074161052704,0.008347950875759125,0.5515855550765991,0.34714019298553467,0.05094551667571068,0.40953779220581055,0.44798314571380615,-0.02429373376071453,0.4458335340023041,0.3109581768512726,0.017290590330958366,0.48608851432800293,0.3201245069503784,0.0810912474989891,0.5031366944313049,0.3549189567565918,0.1288686990737915,0.38553017377853394,0.46366551518440247,0.041687652468681335,0.4150402843952179,0.3537191152572632,0.08352815359830856,0.4439089298248291,0.3445570468902588,0.13107308745384216,0.4607371389865875,0.363242506980896,0.1758999526500702,10
F://Riad Sample//Sign 10//Input Images//Sign 10 - Sample (96).jpg,0.39761117100715637,0.6987167596817017,-6.505768396891654e-05,0.500417947769165,0.7295763492584229,-0.0660095140337944,0.5788449048995972,0.6952944397926331,-0.1117100790143013,0.6517137885093689,0.6702027916908264,-0.1355220079421997,0.720898449420929,0.6496714949607849,-0.14924338459968567,0.5127535462379456,0.480036199092865,-0.13785147666931152,0.5504814982414246,0.32929539680480957,-0.12500950694084167,0.5880109667778015,0.3250730335712433,-0.0810808390378952,0.6006713509559631,0.35785841941833496,-0.03933113440871239,0.4611951410770416,0.4547991454601288,-0.08244416117668152,0.5002692341804504,0.289948046207428,-0.05813524127006531,0.5355578064918518,0.29462331533432007,-0.0012614433653652668,0.5464927554130554,0.3323476314544678,0.037044402211904526,0.42137476801872253,0.4537428915500641,-0.023093359544873238,0.45238810777664185,0.3162499964237213,0.010648277588188648,0.48661163449287415,0.3149634003639221,0.06860366463661194,0.5020055770874023,0.33975258469581604,0.10982627421617508,0.3953348994255066,0.47061169147491455,0.03558674827218056,0.41817522048950195,0.35854822397232056,0.07282983511686325,0.4391257166862488,0.3390631079673767,0.11666018515825272,0.45202746987342834,0.347838819026947,0.15607309341430664,10
F://Riad Sample//Sign 10//Input Images//Sign 10 - Sample (97).jpg,0.39649254083633423,0.68919837474823,-6.503664917545393e-05,0.49930548667907715,0.7246514558792114,-0.062381286174058914,0.5794528722763062,0.6887494921684265,-0.10214473307132721,0.6509317755699158,0.6599445343017578,-0.12086888402700424,0.7207581996917725,0.6387978792190552,-0.1322043240070343,0.5129414796829224,0.46205610036849976,-0.11721528321504593,0.5462479591369629,0.3133575916290283,-0.09252223372459412,0.586946964263916,0.3099782168865204,-0.04109713062644005,0.6019914746284485,0.3443847596645355,0.001581844175234437,0.46163952350616455,0.43580886721611023,-0.05933697521686554,0.49772313237190247,0.2755754590034485,-0.020608412101864815,0.5348816514015198,0.2838432788848877,0.04158520698547363,0.5490606427192688,0.32104963064193726,0.08227673172950745,0.42290836572647095,0.43365925550460815,0.0036513798404484987,0.45285212993621826,0.30321550369262695,0.048809703439474106,0.48869577050209045,0.30742427706718445,0.10833369195461273,0.5061991810798645,0.33320966362953186,0.15038682520389557,0.398231565952301,0.44921261072158813,0.06483316421508789,0.4222538471221924,0.34690093994140625,0.11062979698181152,0.44599074125289917,0.33940359950065613,0.15657483041286469,0.4611113369464874,0.35494059324264526,0.19745835661888123,10
F://Riad Sample//Sign 10//Input Images//Sign 10 - Sample (98).jpg,0.38289791345596313,0.6947776079177856,-9.624576341593638e-05,0.49451857805252075,0.7200584411621094,-0.06309345364570618,0.5707548260688782,0.6836200952529907,-0.10777436196804047,0.6427926421165466,0.6506348848342896,-0.12767340242862701,0.7049703598022461,0.6214021444320679,-0.13271406292915344,0.48991361260414124,0.46832484006881714,-0.14073042571544647,0.5270938277244568,0.3068365752696991,-0.1240270584821701,0.5638298988342285,0.3213649392127991,-0.07009466737508774,0.5696237087249756,0.3711722791194916,-0.02154029719531536,0.43840837478637695,0.44496574997901917,-0.08587602525949478,0.478521466255188,0.2770353853702545,-0.05530707538127899,0.5157307982444763,0.29846546053886414,0.004961909260600805,0.5227088332176208,0.34905189275741577,0.042771436274051666,0.39857566356658936,0.44599369168281555,-0.025693297386169434,0.42919647693634033,0.3071167469024658,0.009692051447927952,0.46616727113723755,0.3207579255104065,0.07156291604042053,0.4780622720718384,0.3602127432823181,0.11421452462673187,0.3735526204109192,0.46332523226737976,0.03555154800415039,0.3951810300350189,0.3489453196525574,0.07084155082702637,0.4222550094127655,0.34036725759506226,0.11809859424829483,0.4373636245727539,0.362771600484848,0.16070275008678436,10
F://Riad Sample//Sign 10//Input Images//Sign 10 - Sample (99).jpg,0.37994563579559326,0.7084578275680542,-9.747213334776461e-05,0.4944063127040863,0.7253045439720154,-0.05866716802120209,0.5707584023475647,0.6782176494598389,-0.0973191037774086,0.6426090598106384,0.6426385045051575,-0.11253703385591507,0.7043284773826599,0.6155173182487488,-0.1152869239449501,0.48703116178512573,0.45949363708496094,-0.11809450387954712,0.5259649753570557,0.30173516273498535,-0.09305909276008606,0.5659685134887695,0.32182949781417847,-0.04333403706550598,0.5747133493423462,0.37470367550849915,0.001057094312272966,0.4354982078075409,0.4411877393722534,-0.06198922172188759,0.4759753942489624,0.27985772490501404,-0.02003340795636177,0.5164055824279785,0.30659249424934387,0.03402639180421829,0.5272405743598938,0.3593980073928833,0.06474276632070541,0.3951251208782196,0.4476637840270996,-0.00027143541956320405,0.4262202978134155,0.3129177987575531,0.04152575135231018,0.4661656618118286,0.32955440878868103,0.09725095331668854,0.4804055988788605,0.37083449959754944,0.13247090578079224,0.3692981004714966,0.46991148591041565,0.0641709715127945,0.39178383350372314,0.3556322157382965,0.10241568833589554,0.4199238419532776,0.347436785697937,0.15059207379817963,0.43577104806900024,0.37063759565353394,0.1894722878932953,10
F://Riad Sample//Sign 10//Input Images//Sign 10 - Sample (100).jpg,0.3854047656059265,0.6996800899505615,-9.145800140686333e-05,0.5004450082778931,0.718620777130127,-0.05720777064561844,0.5730679631233215,0.6781384944915771,-0.09579138457775116,0.6439451575279236,0.6420217156410217,-0.11136162281036377,0.7049553394317627,0.614446759223938,-0.11338615417480469,0.491664320230484,0.45505523681640625,-0.11414528638124466,0.5323532819747925,0.3004123270511627,-0.0874643549323082,0.5681856870651245,0.3271723985671997,-0.037168826907873154,0.5724737048149109,0.3836439251899719,0.008325563743710518,0.44133374094963074,0.4335502088069916,-0.059221722185611725,0.47961217164993286,0.2734418213367462,-0.018358711153268814,0.5137923359870911,0.304523766040802,0.0357242189347744,0.5202077627182007,0.3618713617324829,0.06602715700864792,0.4018275737762451,0.43690982460975647,0.0023656324483454227,0.4307219982147217,0.3023499548435211,0.04379091039299965,0.4665941298007965,0.3241623640060425,0.09892979264259338,0.4776993691921234,0.3694069981575012,0.13494765758514404,0.3771092891693115,0.4554203450679779,0.0662819892168045,0.3986295759677887,0.3427956700325012,0.10169076174497604,0.4246887266635895,0.33966362476348877,0.1492559015750885,0.438702791929245,0.36679449677467346,0.18950201570987701,10
